0 0.0818622 0.0953916 0.112528 0.0961544 0.112528 0.0756435 0.448401 0.0805814 0.448401 0.12122 0.411661 0.12122 0.411661 0.134132 0.0809949 0.130333
0 0.0806888 0.143197 0.110422 0.142933 0.110822 0.131063 0.44697 0.135178 0.447693 0.221267 0.197211 0.216835 0.19697 0.231392 0.0793226 0.230443
1 0.229039 0.045811 0.297024 0.045811 0.297024 0.0679667 0.229039 0.0679667
1 0.695385 0.0526803 0.766023 0.0526803 0.766023 0.0748323 0.695385 0.0748323
0 0.0798441 0.243143 0.111236 0.243877 0.112353 0.23032 0.44646 0.233986 0.446726 0.285873 0.0799008 0.282446
0 0.080513 0.297212 0.111766 0.297576 0.111905 0.28274 0.446783 0.284958 0.447018 0.404284 0.363603 0.403331 0.363603 0.419157 0.0798441 0.415987
0 0.0799291 0.42833 0.110734 0.427891 0.110901 0.414484 0.444983 0.418748 0.446672 0.487738 0.195697 0.48363 0.19595 0.500089 0.0780527 0.499125
0 0.0794955 0.514002 0.107942 0.513369 0.107701 0.498496 0.444252 0.50356 0.445456 0.574139 0.24801 0.569708 0.24801 0.584901 0.0780499 0.585217
3 0.184342 0.592243 0.337188 0.594141 0.336704 0.612813 0.184342 0.610599
2 0.0945805 0.613193 0.427851 0.617748 0.427157 0.763136 0.092843 0.757666
0 0.0774943 0.77334 0.108353 0.773024 0.108835 0.758466 0.442732 0.764796 0.442732 0.83411 0.284101 0.832525 0.284101 0.848351 0.0760488 0.844235
0 0.0756378 0.858796 0.106978 0.856894 0.107942 0.84297 0.442755 0.84854 0.442177 0.899435 0.298977 0.899435 0.298977 0.916143 0.0747704 0.914245
0 0.548688 0.103239 0.579223 0.103768 0.578821 0.0905802 0.913583 0.0783153 0.915913 0.19568 0.739141 0.204016 0.739569 0.220738 0.549887 0.225278
0 0.549266 0.237443 0.580071 0.237443 0.580573 0.222499 0.91869 0.208518 0.918489 0.291336 0.749734 0.302939 0.74913 0.317708 0.61754 0.323249 0.550037 0.321403
0 0.549833 0.335651 0.581173 0.336708 0.581774 0.321146 0.916054 0.30954 0.917783 0.397292 0.550958 0.409449
0 0.552647 0.423009 0.581613 0.42411 0.581763 0.409825 0.917602 0.399119 0.917854 0.450065 0.771749 0.458308 0.771749 0.471607 0.551644 0.476969
0 0.551726 0.489055 0.581361 0.489055 0.581862 0.475871 0.918005 0.464265 0.919209 0.531785 0.616652 0.544709 0.616854 0.557632 0.551159 0.559478
0 0.552364 0.571099 0.581091 0.572156 0.580692 0.55844 0.916397 0.544832 0.918566 0.648324 0.84576 0.651175 0.846001 0.669531 0.5514 0.678391
0 0.552483 0.694693 0.583022 0.696275 0.582418 0.680449 0.91945 0.670636 0.920414 0.7428 0.552041 0.751977
0 0.552038 0.828569 0.582174 0.828569 0.582415 0.812427 0.919158 0.802744 0.920893 0.857434 0.817106 0.86155 0.817106 0.878418 0.551171 0.882057
0 0.551267 0.895129 0.58333 0.896078 0.583571 0.881205 0.918288 0.872088 0.918288 0.910449 0.551749 0.917665
