0 0.567334 0.148692 0.921721 0.139758 0.921721 0.20912 0.760108 0.2107 0.75969 0.230667 0.564011 0.240651
1 0.230695 0.112163 0.297514 0.112163 0.297514 0.133181 0.230695 0.133181
0 0.0854017 0.441911 0.116148 0.445588 0.11573 0.42562 0.441035 0.445063 0.436879 0.800286 0.0787541 0.784525
1 0.707728 0.110915 0.777126 0.110915 0.777126 0.128321 0.707728 0.128321
3 0.632946 0.279658 0.856696 0.272848 0.857295 0.297817 0.631751 0.301601
4 0.562531 0.785975 0.92099 0.779668 0.921487 0.859752 0.626843 0.863535 0.626843 0.884344 0.561535 0.883084
0 0.0812489 0.820779 0.112407 0.821834 0.112823 0.802917 0.436879 0.821834 0.436464 0.893296 0.0791694 0.871228
0 0.0858261 0.133448 0.442696 0.154473 0.440205 0.422994 0.0820794 0.400922
0 0.564204 0.53859 0.596055 0.536836 0.596055 0.519323 0.921667 0.508441 0.921065 0.776364 0.561782 0.783813
0 0.566503 0.338388 0.596001 0.337863 0.595585 0.318421 0.920888 0.310538 0.921306 0.488679 0.63173 0.496033 0.63173 0.515479 0.562766 0.518105
