1 0.250561 0.0974562 0.318484 0.0974562 0.318484 0.122454 0.250561 0.122454
1 0.679664 0.100486 0.752123 0.100486 0.752123 0.123955 0.679664 0.123955
4 0.0997599 0.816873 0.16659 0.818978 0.165803 0.825289 0.444137 0.832647 0.444137 0.869457 0.151652 0.861042 0.151652 0.880495 0.0973995 0.879973 0.0997599 0.839484 0.130029 0.838958 0.130029 0.824762 0.0981863 0.824236
0 0.574978 0.605382 0.87094 0.60296 0.870136 0.583546 0.5758 0.586784
3 0.150816 0.295348 0.410625 0.302652 0.409714 0.322125 0.151044 0.316039
3 0.604296 0.558181 0.832178 0.556153 0.832557 0.578973 0.603917 0.580497
0 0.105641 0.342097 0.136312 0.34087 0.138733 0.322535 0.454032 0.32577 0.451614 0.675225 0.183084 0.668753 0.180665 0.693561 0.100026 0.693561
3 0.168895 0.713293 0.383506 0.718872 0.383506 0.742705 0.168895 0.733829
0 0.545962 0.624534 0.574186 0.623454 0.574186 0.608354 0.899164 0.606199 0.899971 0.875841 0.542736 0.88231
0 0.109945 0.128718 0.458308 0.143815 0.458308 0.25275 0.193003 0.250595 0.189777 0.279717 0.10672 0.271085
0 0.102444 0.762591 0.129057 0.763667 0.129057 0.743177 0.44597 0.750725 0.445163 0.828384 0.100026 0.814362
0 0.542736 0.140255 0.890295 0.1381 0.89352 0.495104 0.702404 0.502657 0.699986 0.522071 0.541932 0.522071
