0 0.108311 0.326746 0.139485 0.327184 0.139817 0.310979 0.455511 0.319739 0.452527 0.611913 0.279092 0.607533 0.27876 0.626807 0.104664 0.622427
0 0.103185 0.643085 0.135022 0.644662 0.135418 0.625738 0.453368 0.634675 0.450783 0.887986 0.0972169 0.872057
1 0.673392 0.0943815 0.736067 0.0943815 0.736067 0.114967 0.673392 0.114967
0 0.112623 0.129188 0.459822 0.138825 0.458163 0.295647 0.342099 0.290828 0.341435 0.312729 0.108643 0.307033
0 0.537552 0.73842 0.569386 0.737544 0.569054 0.7209 0.884087 0.711701 0.885415 0.802376 0.742821 0.806318 0.743153 0.825591 0.537884 0.831287
0 0.535563 0.62628 0.567729 0.625842 0.567397 0.608321 0.887403 0.599999 0.886079 0.695054 0.630737 0.699434 0.630405 0.71652 0.536888 0.718708
0 0.533473 0.514582 0.566635 0.511952 0.566635 0.495308 0.882329 0.484794 0.883988 0.574153 0.766929 0.579849 0.767592 0.599999 0.534137 0.60876
0 0.53379 0.376999 0.56483 0.376473 0.564434 0.360179 0.88278 0.354922 0.881587 0.465309 0.670282 0.468462 0.670282 0.488436 0.534588 0.49317
0 0.533042 0.240059 0.564544 0.238744 0.564876 0.22385 0.87825 0.215528 0.881898 0.352195 0.535031 0.358329
0 0.533042 0.133176 0.878582 0.126165 0.880242 0.192751 0.606329 0.198881 0.606329 0.220785 0.532047 0.221662
0 0.539543 0.852749 0.569386 0.851437 0.568725 0.833475 0.885747 0.824715 0.886408 0.872023 0.539211 0.879472
1 0.253901 0.0978849 0.31956 0.0978849 0.31956 0.118912 0.253901 0.118912
