1 0.255849 0.0948098 0.322693 0.0948098 0.322693 0.113342 0.255849 0.113342
0 0.576887 0.876986 0.576607 0.854267 0.89836 0.855347 0.897553 0.875841
0 0.545962 0.482162 0.576607 0.482162 0.576607 0.471376 0.897553 0.469221 0.897553 0.634241 0.717726 0.631003 0.718533 0.650417 0.546948 0.649992
0 0.108895 0.56629 0.13954 0.567369 0.138733 0.552269 0.462904 0.563055 0.454839 0.765826 0.420972 0.765826 0.421377 0.786606 0.102444 0.776613
0 0.111831 0.366742 0.138733 0.366754 0.142765 0.351657 0.462904 0.361365 0.456454 0.542561 0.436419 0.541853 0.435522 0.559535 0.110414 0.550907
0 0.116153 0.116527 0.467744 0.132707 0.460486 0.336557 0.22663 0.331163 0.226352 0.350338 0.10781 0.348713
0 0.549187 0.129472 0.897553 0.126234 0.895939 0.354892 0.547576 0.353812
1 0.68871 0.0937188 0.75311 0.0937188 0.75311 0.116616 0.68871 0.116616
0 0.549187 0.37862 0.577414 0.376461 0.578218 0.358126 0.89352 0.357047 0.895939 0.448727 0.603217 0.448727 0.603217 0.465982 0.548383 0.467062
0 0.545158 0.667677 0.576607 0.667677 0.576607 0.652576 0.894327 0.650417 0.89836 0.833773 0.594348 0.835932 0.594348 0.854267 0.545158 0.855347
0 0.103251 0.799262 0.135508 0.799262 0.135508 0.778768 0.451614 0.789554 0.452421 0.886624 0.100833 0.871527
