0 0.559694 0.643879 0.590143 0.64327 0.590368 0.626539 0.900026 0.621063 0.903318 0.775931 0.558815 0.782228
0 0.131302 0.875904 0.130911 0.85172 0.441519 0.853835 0.441131 0.879054
4 0.561788 0.79862 0.631342 0.797156 0.631613 0.812123 0.901442 0.807378 0.902796 0.850453 0.79048 0.851913 0.791022 0.870531 0.561519 0.874544 0.561248 0.832567 0.585877 0.831835 0.585334 0.813583 0.621599 0.813221 0.621059 0.805918 0.561519 0.807744
0 0.556922 0.462686 0.588684 0.461927 0.589435 0.444688 0.897327 0.439138 0.901836 0.595497 0.783207 0.598535 0.783207 0.619222 0.558801 0.623481
1 0.244509 0.0938798 0.310451 0.0938798 0.310451 0.116588 0.244509 0.116588
0 0.55771 0.284162 0.589377 0.283893 0.589163 0.264077 0.898858 0.260098 0.899643 0.416187 0.727758 0.419873 0.727758 0.44039 0.557082 0.443498
0 0.557933 0.127488 0.898861 0.124965 0.899794 0.233457 0.637901 0.241029 0.638635 0.260399 0.556996 0.262555
0 0.107256 0.130211 0.449823 0.131786 0.449043 0.157545 0.197282 0.153863 0.197287 0.174356 0.106868 0.175416
0 0.104529 0.398293 0.135317 0.397769 0.135317 0.379371 0.445925 0.382525 0.44534 0.697495 0.158584 0.69597 0.158584 0.712635 0.102461 0.712635
0 0.106476 0.260048 0.135317 0.260572 0.135705 0.242701 0.445146 0.246379 0.446705 0.360445 0.192604 0.357294 0.192604 0.376216 0.104917 0.375689
0 0.10496 0.734315 0.134189 0.734315 0.134189 0.716795 0.44502 0.717669 0.44464 0.831742 0.165991 0.830136 0.165583 0.850141 0.10247 0.850653
3 0.217838 0.190024 0.337067 0.193279 0.336562 0.212159 0.317282 0.213461 0.317016 0.236569 0.236202 0.234617 0.234754 0.210857 0.217116 0.210857
1 0.691693 0.0920504 0.759971 0.0920504 0.759971 0.113495 0.691693 0.113495
