0 0.098707 0.726385 0.130327 0.728542 0.13114 0.709144 0.444903 0.712378 0.448146 0.853547 0.097897 0.846003
0 0.557599 0.333045 0.585976 0.333045 0.582734 0.317957 0.910281 0.312571 0.908658 0.803975 0.815421 0.810442 0.817044 0.827686 0.560032 0.835226
3 0.161328 0.684672 0.383656 0.688321 0.383656 0.708994 0.161099 0.705042
3 0.211825 0.282615 0.331527 0.284138 0.331718 0.308207 0.211634 0.305673
0 0.555166 0.141223 0.902982 0.132603 0.902982 0.28994 0.681646 0.295326 0.682456 0.314724 0.555166 0.316881
1 0.236885 0.102812 0.309737 0.102812 0.309737 0.120968 0.236885 0.120968
1 0.692216 0.105081 0.763361 0.105081 0.763361 0.123994 0.692216 0.123994
0 0.561652 0.853547 0.590842 0.851394 0.590842 0.835226 0.908658 0.825529 0.909471 0.880488 0.558409 0.885879
0 0.10033 0.328735 0.126274 0.331968 0.129517 0.31149 0.457064 0.312571 0.454631 0.638018 0.315181 0.634784 0.315994 0.652029 0.0970871 0.655262
0 0.102763 0.123982 0.448146 0.129369 0.445713 0.232824 0.311938 0.230667 0.311938 0.247911 0.10114 0.248988
4 0.0972086 0.847964 0.166378 0.848695 0.166378 0.853074 0.336555 0.855992 0.336555 0.874598 0.129598 0.872045 0.128774 0.854897 0.0972086 0.854166
