0 0.533127 0.124379 0.882884 0.123505 0.884881 0.232953 0.847277 0.232953 0.848275 0.256154 0.534126 0.257907
0 0.538155 0.845938 0.570706 0.845226 0.571259 0.824794 0.887406 0.82224 0.887406 0.86894 0.538155 0.871132
0 0.538351 0.708816 0.569549 0.707603 0.56978 0.691185 0.88528 0.688812 0.885833 0.731864 0.673127 0.73332 0.673127 0.753752 0.538905 0.75448
0 0.535347 0.279241 0.567239 0.278875 0.567239 0.259906 0.883107 0.256987 0.88699 0.665587 0.734184 0.666315 0.734184 0.687475 0.53701 0.690395
0 0.0821698 0.773664 0.114448 0.772786 0.114117 0.755713 0.43359 0.756152 0.434258 0.868662 0.0821698 0.869098
0 0.083634 0.1232 0.434056 0.124949 0.434855 0.597276 0.349994 0.596926 0.349994 0.618818 0.0809722 0.617724
1 0.224372 0.0894437 0.297007 0.0894437 0.297007 0.112487 0.224372 0.112487
0 0.0815373 0.639246 0.115092 0.638152 0.11537 0.620274 0.434899 0.621445 0.43393 0.754422 0.0825066 0.753544
3 0.554067 0.811176 0.555608 0.794315 0.669944 0.791615 0.669944 0.772732 0.750955 0.772057 0.751467 0.794315 0.871567 0.794242 0.870931 0.815899 0.554056 0.819281
1 0.674712 0.0877565 0.744785 0.0877565 0.744785 0.108554 0.674712 0.108554
