4 0.104316 0.739264 0.17326 0.741607 0.17291 0.751913 0.448337 0.764098 0.449387 0.820327 0.436786 0.819389 0.437486 0.835323 0.448337 0.835792 0.448687 0.877024 0.100816 0.864844 0.102916 0.845629 0.126714 0.844223 0.128114 0.826419 0.102566 0.825482 0.102916 0.767847 0.123914 0.767847 0.123564 0.74957 0.104316 0.749101
0 0.543758 0.422789 0.574834 0.422789 0.574177 0.40177 0.887535 0.399578 0.89048 0.648774 0.747211 0.649649 0.747865 0.669359 0.541796 0.67374
0 0.54234 0.693705 0.57433 0.693198 0.574142 0.67647 0.888178 0.673178 0.889124 0.878213 0.540069 0.881761
3 0.11359 0.181092 0.456561 0.192335 0.456911 0.212018 0.11254 0.203114
3 0.576529 0.368009 0.854056 0.36988 0.854056 0.388157 0.576879 0.390031
3 0.176234 0.145011 0.389016 0.150634 0.388316 0.174531 0.175884 0.167033
1 0.683766 0.099088 0.747339 0.099088 0.747339 0.117744 0.683766 0.117744
1 0.25009 0.0885921 0.318886 0.0885921 0.318886 0.111912 0.25009 0.111912
0 0.110014 0.231964 0.142201 0.232491 0.142985 0.211995 0.459745 0.223033 0.456213 0.449541 0.339636 0.445861 0.339245 0.465835 0.104912 0.460579
0 0.108302 0.481958 0.13783 0.480742 0.138285 0.464316 0.455161 0.472833 0.449867 0.743908 0.10151 0.734268
0 0.542216 0.134371 0.888415 0.132795 0.889199 0.315684 0.77851 0.317787 0.77851 0.335654 0.540645 0.341963
