5 0.589723 0.140054 0.804921 0.138153 0.805161 0.153352 0.58996 0.157785
5 0.113136 0.730088 0.392944 0.743066 0.393184 0.762381 0.111697 0.746551
5 0.111456 0.747815 0.372048 0.761747 0.448425 0.758582 0.448665 0.77916 0.379494 0.780111 0.112415 0.765229
5 0.113377 0.779477 0.391742 0.795306 0.445062 0.790874 0.446264 0.810506 0.273815 0.80734 0.112896 0.795623
5 0.112896 0.797208 0.275979 0.806707 0.402311 0.809872 0.402551 0.827919 0.113377 0.816206
5 0.0828507 0.849765 0.111671 0.849765 0.111671 0.833936 0.447681 0.84723 0.449601 0.883325 0.384514 0.885226 0.384273 0.899788 0.0814084 0.885226
5 0.589242 0.157785 0.922607 0.150183 0.92597 0.151134 0.926932 0.173297 0.589723 0.174248
5 0.592788 0.191904 0.830365 0.186364 0.830563 0.205623 0.592588 0.209053
5 0.589304 0.809398 0.922551 0.804914 0.922551 0.825492 0.589505 0.827338
5 0.589907 0.827602 0.923954 0.824172 0.923756 0.841862 0.590305 0.844751
5 0.558682 0.876704 0.589304 0.875649 0.589304 0.859842 0.923552 0.856151 0.923753 0.87723 0.654352 0.879105 0.654754 0.893588 0.560085 0.896254
5 0.588303 0.894908 0.832486 0.890185 0.832486 0.912322 0.589106 0.915751
0 0.0826329 0.761747 0.386459 0.77916 0.3867 0.795623 0.0814338 0.77821
0 0.0939564 0.814618 0.320837 0.827382 0.433241 0.828751 0.434279 0.847898 0.0936114 0.832851
0 0.560025 0.119069 0.926058 0.11527 0.926635 0.137687 0.560025 0.139204
0 0.562364 0.1737 0.857984 0.170796 0.857585 0.186625 0.561965 0.193223
0 0.579697 0.790136 0.901736 0.785916 0.901536 0.806759 0.579898 0.809924
0 0.560283 0.844803 0.885124 0.840822 0.885124 0.857467 0.560085 0.860345
1 0.231089 0.0600733 0.303719 0.0600733 0.303719 0.0863335 0.231089 0.0863335
1 0.708855 0.0428834 0.774912 0.0428834 0.774912 0.0665937 0.708855 0.0665937
0 0.196502 0.0877614 0.347525 0.100299 0.347237 0.117015 0.195062 0.10714
2 0.10485 0.0987814 0.27461 0.113977 0.437161 0.114357 0.436007 0.26139 0.102602 0.243664
2 0.102545 0.265189 0.291038 0.279628 0.434567 0.278107 0.433413 0.509867 0.364819 0.511764 0.207166 0.501889 0.0970701 0.495428
2 0.0985096 0.565336 0.434279 0.578254 0.432548 0.725287 0.0985096 0.711609
2 0.576225 0.270941 0.909734 0.265081 0.909398 0.414616 0.575648 0.420096
2 0.575286 0.440171 0.910074 0.436067 0.908691 0.598832 0.574938 0.604301
2 0.57321 0.628008 0.909036 0.624362 0.909381 0.787123 0.574593 0.790773
0 0.117675 0.245356 0.411414 0.261823 0.411425 0.281466 0.116488 0.269424
0 0.0855911 0.50949 0.114613 0.51028 0.115416 0.494451 0.449661 0.511865 0.449861 0.560411 0.186066 0.553287 0.185865 0.567535 0.0833908 0.562257
4 0.0795475 0.889264 0.144796 0.890844 0.145396 0.897704 0.442817 0.905883 0.444217 0.927517 0.110772 0.915647 0.11017 0.898233 0.0797483 0.897178
0 0.561524 0.0949676 0.592028 0.0952845 0.592028 0.0800891 0.926595 0.0737552 0.927076 0.0968689 0.713077 0.0984496 0.713077 0.115229 0.561524 0.11618
0 0.561001 0.227805 0.590744 0.227805 0.590051 0.211849 0.925187 0.206376 0.926225 0.230996 0.799986 0.230086 0.800334 0.24376 0.562384 0.250147
0 0.675656 0.249349 0.812559 0.248208 0.811694 0.263403 0.677675 0.267963
0 0.589867 0.420759 0.892969 0.416644 0.89321 0.434057 0.588425 0.43849
0 0.586697 0.605576 0.873758 0.601475 0.874449 0.621536 0.586352 0.624272
0 0.0838348 0.709823 0.450345 0.726286 0.449632 0.746872 0.0835945 0.72787
