0 0.546661 0.129503 0.890407 0.122059 0.890407 0.143514 0.846693 0.146142 0.847024 0.166725 0.545004 0.172854
0 0.57726 0.174867 0.892525 0.168738 0.893188 0.236176 0.670979 0.239677 0.671311 0.261135 0.543813 0.261573 0.543482 0.196326 0.576928 0.194135
0 0.0969427 0.529698 0.127079 0.52926 0.126748 0.508682 0.442014 0.513059 0.442345 0.71712 0.357899 0.71493 0.357236 0.734636 0.0936356 0.733325
0 0.0969427 0.442996 0.442014 0.446497 0.442345 0.465765 0.298951 0.466641 0.298951 0.487223 0.0946237 0.485033
0 0.12823 0.284326 0.443763 0.287481 0.443365 0.309551 0.127835 0.303245
0 0.546795 0.507675 0.579579 0.507675 0.579579 0.489283 0.895176 0.48096 0.896501 0.618025 0.633888 0.621526 0.63422 0.644299 0.548448 0.645613
0 0.547788 0.3728 0.579247 0.371485 0.578585 0.35616 0.891863 0.34784 0.894845 0.463444 0.818015 0.463882 0.818678 0.481836 0.547126 0.487531
0 0.544807 0.283031 0.576928 0.283031 0.576928 0.265516 0.891863 0.259383 0.893188 0.32463 0.586533 0.332511 0.586864 0.353532 0.545469 0.353532
0 0.0968323 0.213392 0.126641 0.212861 0.126641 0.195523 0.443365 0.198147 0.443763 0.284326 0.0972334 0.280649
0 0.0929701 0.753027 0.126085 0.752151 0.126085 0.735512 0.442677 0.736388 0.442014 0.80514 0.367504 0.803387 0.367504 0.824846 0.0936327 0.820465
0 0.0942924 0.843237 0.126085 0.843237 0.126085 0.822655 0.441683 0.828347 0.441351 0.873012 0.0936327 0.866006
1 0.681052 0.0901487 0.750122 0.0901487 0.750122 0.114589 0.681052 0.114589
0 0.552424 0.844417 0.583883 0.843979 0.583551 0.826902 0.900805 0.819896 0.90213 0.864123 0.55143 0.872005
1 0.238556 0.0887115 0.302098 0.0887115 0.302098 0.111384 0.238556 0.111384
5 0.126245 0.330571 0.440186 0.334775 0.442572 0.334775 0.443365 0.35264 0.125449 0.34791
5 0.127039 0.306922 0.442967 0.311653 0.442967 0.33162 0.126245 0.326367
5 0.128733 0.420224 0.444664 0.423728 0.44367 0.445187 0.128073 0.439492
5 0.129067 0.397455 0.319814 0.400956 0.319814 0.420224 0.127742 0.416723
5 0.125423 0.352786 0.443008 0.354977 0.443008 0.377311 0.13635 0.378187 0.136681 0.395703 0.0933014 0.395265 0.0966115 0.375121 0.125423 0.37293
0 0.550436 0.733629 0.58322 0.732315 0.58256 0.715237 0.898489 0.707793 0.900474 0.794937 0.634551 0.802381 0.634882 0.822087 0.551761 0.824277
5 0.0960418 0.143499 0.12823 0.143499 0.127437 0.125107 0.445748 0.128784 0.445353 0.177131 0.148498 0.172927 0.148498 0.192368 0.0956437 0.191841
0 0.549442 0.665753 0.581566 0.664881 0.581235 0.647365 0.898158 0.641232 0.898817 0.685459 0.685219 0.688088 0.685219 0.709546 0.548779 0.713047
