0 0.543299 0.510949 0.57411 0.510586 0.57411 0.494525 0.888216 0.490877 0.889172 0.6264 0.542179 0.629029
0 0.538932 0.263843 0.573835 0.26311 0.573319 0.246322 0.886577 0.2434 0.888762 0.356188 0.733481 0.356917 0.733209 0.377723 0.541633 0.379549
0 0.540843 0.133535 0.885512 0.129521 0.88576 0.21931 0.749336 0.218947 0.749065 0.241575 0.540843 0.244497
3 0.543371 0.441059 0.659677 0.437156 0.659677 0.413726 0.768684 0.41405 0.768929 0.43911 0.892291 0.438457 0.892291 0.461564 0.852144 0.461888 0.852629 0.484346 0.580843 0.486299 0.5806 0.46547 0.544589 0.465794
1 0.679789 0.095251 0.744609 0.095251 0.744609 0.121029 0.679789 0.121029
1 0.24497 0.0905649 0.312242 0.0905649 0.312242 0.117747 0.24497 0.117747
0 0.106825 0.210443 0.137934 0.210443 0.138208 0.193652 0.45013 0.197666 0.451795 0.668197 0.246167 0.670714 0.245238 0.689659 0.106606 0.691519
0 0.107792 0.124051 0.452508 0.127838 0.452508 0.177663 0.414782 0.175772 0.415255 0.197215 0.106848 0.19217
0 0.106436 0.710982 0.136892 0.709666 0.137876 0.692585 0.453564 0.693897 0.454219 0.875235 0.104473 0.875235
0 0.546465 0.8547 0.577166 0.852573 0.57671 0.834323 0.891227 0.828845 0.89168 0.876602 0.546693 0.88025
0 0.543371 0.64829 0.575665 0.64677 0.57589 0.629735 0.889726 0.628214 0.892023 0.805059 0.747795 0.807707 0.748978 0.828177 0.545804 0.833439
