1 0.248882 0.0945451 0.315413 0.0945451 0.315413 0.116795 0.248882 0.116795
1 0.684988 0.0957153 0.755327 0.0957153 0.755327 0.119136 0.684988 0.119136
3 0.220636 0.324825 0.341066 0.32461 0.341237 0.344943 0.220491 0.341571
3 0.659104 0.379797 0.680353 0.379454 0.680107 0.358309 0.76437 0.357985 0.764613 0.380756 0.786838 0.381083 0.786838 0.408407 0.659104 0.407433
0 0.109194 0.509077 0.141835 0.508773 0.141379 0.491746 0.457763 0.494787 0.45685 0.582961 0.436306 0.582353 0.436078 0.603633 0.108965 0.602117
0 0.111318 0.189306 0.138538 0.189306 0.139327 0.174069 0.45252 0.177745 0.451731 0.270739 0.263971 0.268637 0.262789 0.289128 0.110529 0.28755
0 0.109743 0.131512 0.452127 0.133614 0.452127 0.15568 0.220188 0.152527 0.220584 0.171967 0.110529 0.172491
0 0.57874 0.8536 0.892601 0.851329 0.892688 0.876351 0.57841 0.875489
0 0.547971 0.131713 0.892462 0.129961 0.892789 0.221465 0.626864 0.223655 0.626535 0.242045 0.546329 0.242918
0 0.109786 0.621484 0.139462 0.62118 0.139919 0.604153 0.451965 0.605674 0.45128 0.879254 0.107162 0.873568
0 0.108416 0.3749 0.142656 0.3749 0.142199 0.354532 0.451965 0.355749 0.455618 0.470069 0.437812 0.470069 0.438266 0.491049 0.10796 0.491958
0 0.547315 0.263802 0.582012 0.261673 0.582012 0.244951 0.894743 0.242826 0.894971 0.311541 0.83585 0.311845 0.836078 0.333125 0.548457 0.334646
0 0.549142 0.441975 0.579957 0.441671 0.58087 0.423732 0.893191 0.421453 0.892211 0.449027 0.850139 0.448177 0.85046 0.467424 0.548708 0.467879
0 0.549353 0.488016 0.579922 0.487138 0.579922 0.469188 0.896471 0.469626 0.893185 0.650009 0.663087 0.65176 0.662431 0.670589 0.547052 0.67234
0 0.548026 0.691226 0.580364 0.689705 0.580555 0.673487 0.893514 0.670423 0.893191 0.827158 0.734408 0.829795 0.734087 0.850367 0.548367 0.850367
