0 0.557385 0.741776 0.586494 0.7407 0.585684 0.721292 0.907498 0.71698 0.909925 0.8884 0.553341 0.88732
0 0.557385 0.4895 0.580833 0.4895 0.580833 0.473328 0.906691 0.46686 0.904264 0.697576 0.750633 0.696496 0.750633 0.715904 0.556575 0.720216
1 0.69562 0.0957285 0.758062 0.0957285 0.758062 0.119695 0.69562 0.119695
1 0.245774 0.100145 0.310579 0.100145 0.310579 0.121585 0.245774 0.121585
0 0.105389 0.83126 0.136115 0.83018 0.136115 0.814012 0.455502 0.817244 0.452268 0.884088 0.102962 0.883008
0 0.556575 0.310535 0.584877 0.309459 0.584877 0.292207 0.908308 0.287895 0.905074 0.447455 0.8509 0.450687 0.85009 0.467939 0.556575 0.467939
0 0.104579 0.55958 0.132881 0.5585 0.134498 0.543408 0.457929 0.54772 0.453885 0.793528 0.386775 0.792448 0.386775 0.811856 0.104579 0.810776
0 0.105389 0.133727 0.451461 0.133727 0.451461 0.204879 0.105389 0.202723
0 0.558192 0.138039 0.898606 0.132647 0.900223 0.266331 0.60024 0.270647 0.60024 0.291131 0.556575 0.291131
0 0.106196 0.217819 0.132071 0.219975 0.132071 0.203803 0.451461 0.205959 0.453885 0.542328 0.102962 0.539096
