1 0.246213 0.0995933 0.316079 0.0995933 0.316079 0.11957 0.246213 0.11957
0 0.103567 0.669553 0.131845 0.669553 0.132398 0.651663 0.454269 0.658964 0.452883 0.72614 0.101348 0.72103
1 0.676573 0.0964359 0.746436 0.0964359 0.746436 0.11957 0.676573 0.11957
6 0.141503 0.574857 0.321219 0.578492 0.320944 0.597032 0.336956 0.596666 0.336956 0.616662 0.306035 0.615572 0.305208 0.631933 0.330605 0.633751 0.3295 0.653381 0.177942 0.649746 0.178494 0.594849 0.140398 0.594125
6 0.630365 0.781252 0.630696 0.68353 0.756912 0.686587 0.756582 0.704034 0.797661 0.706652 0.798322 0.723229 0.807266 0.723668 0.807599 0.744607 0.779772 0.745916 0.780433 0.761183 0.791696 0.761183 0.791696 0.781252
6 0.181807 0.498513 0.367322 0.504327 0.367047 0.521778 0.329778 0.522144 0.329778 0.538139 0.343029 0.539228 0.342751 0.560314 0.32536 0.559586 0.325637 0.576309 0.177942 0.571946
4 0.100251 0.728565 0.171222 0.727834 0.171222 0.737325 0.45345 0.742805 0.454281 0.881172 0.0972018 0.871677 0.100526 0.755215 0.133795 0.754853 0.133518 0.738057 0.0999737 0.737691
0 0.537295 0.801024 0.566839 0.801024 0.566439 0.78315 0.887412 0.78315 0.889006 0.8783 0.536099 0.88041
0 0.534503 0.531327 0.566439 0.530276 0.56564 0.513453 0.885415 0.51293 0.887813 0.672749 0.619535 0.670646 0.619137 0.691674 0.533705 0.692201
0 0.534901 0.13178 0.886614 0.13178 0.887813 0.490847 0.777228 0.489796 0.777228 0.510827 0.535301 0.511351
0 0.104675 0.353388 0.136003 0.353754 0.136003 0.338055 0.455933 0.342803 0.455377 0.477154 0.415178 0.477154 0.414626 0.500885 0.103564 0.494678
0 0.106345 0.173773 0.135725 0.173769 0.135725 0.157339 0.457319 0.164274 0.457041 0.319438 0.341988 0.31834 0.341711 0.338421 0.104386 0.336226
3 0.204825 0.130409 0.354254 0.133697 0.353977 0.156696 0.203991 0.15268
