3 0.657358 0.765551 0.661544 0.765551 0.661544 0.745016 0.813258 0.746537 0.813637 0.767072 0.822775 0.766314 0.822585 0.787866 0.656025 0.787358
3 0.216571 0.358871 0.233894 0.358871 0.234276 0.340615 0.331928 0.343661 0.332689 0.362421 0.348106 0.364196 0.348679 0.383465 0.214669 0.382198
0 0.104565 0.699774 0.135811 0.699774 0.136086 0.68225 0.452136 0.684187 0.452136 0.817739 0.104782 0.816168
0 0.562246 0.143545 0.594316 0.142814 0.593767 0.123464 0.909818 0.124196 0.911463 0.325 0.814701 0.325 0.814701 0.345081 0.564438 0.347634
0 0.56242 0.615364 0.59577 0.615364 0.59577 0.596803 0.910084 0.596499 0.910084 0.662219 0.776224 0.664348 0.776453 0.68595 0.561963 0.686254
0 0.107343 0.120279 0.458315 0.124223 0.456999 0.285889 0.40996 0.285015 0.40996 0.305604 0.107014 0.304291
0 0.106071 0.410366 0.137583 0.410366 0.138141 0.386992 0.455288 0.392834 0.455837 0.525 0.182275 0.526463 0.182001 0.545447 0.105262 0.543984
1 0.251044 0.0899901 0.316499 0.0899901 0.316499 0.110583 0.251044 0.110583
0 0.562327 0.819668 0.595906 0.818147 0.595906 0.798979 0.912504 0.800804 0.914102 0.868957 0.56187 0.866523
0 0.564166 0.368081 0.596511 0.366622 0.596236 0.350557 0.913654 0.348366 0.914533 0.574181 0.625071 0.575055 0.6254 0.594335 0.561917 0.594335
1 0.702339 0.089555 0.770428 0.089555 0.770428 0.112774 0.702339 0.112774
4 0.107482 0.822549 0.173267 0.822853 0.173495 0.829545 0.450804 0.831066 0.45126 0.848714 0.432301 0.849322 0.432758 0.867578 0.105652 0.863624 0.106565 0.846585 0.126213 0.845672 0.125068 0.830154 0.107479 0.830154
0 0.105432 0.564123 0.138173 0.564123 0.138173 0.546883 0.452125 0.55043 0.45296 0.662168 0.143218 0.659962 0.143218 0.678218 0.105374 0.678218
