0 0.0963445 0.556834 0.125014 0.557129 0.125235 0.542899 0.453958 0.548296 0.45505 0.630075 0.276431 0.626791 0.276983 0.644323 0.0964454 0.641401
0 0.0973473 0.229565 0.126854 0.229565 0.126989 0.214951 0.258776 0.217593 0.457294 0.217433 0.457863 0.249635 0.246179 0.249881 0.246179 0.264334 0.0967927 0.264334
0 0.0941513 0.657081 0.12416 0.657927 0.124003 0.642717 0.287073 0.645885 0.452364 0.647089 0.453031 0.713237 0.155045 0.710173 0.155045 0.726822 0.0957871 0.723758
0 0.0949132 0.740448 0.124289 0.740661 0.124605 0.726293 0.147471 0.72756 0.196852 0.728406 0.452966 0.73094 0.453762 0.916436 0.0930084 0.907353
0 0.571978 0.085264 0.832087 0.0859945 0.933331 0.0881823 0.933605 0.122136 0.571703 0.118849
0 0.572252 0.13199 0.600238 0.132721 0.600238 0.123597 0.928667 0.123232 0.931683 0.125785 0.932507 0.206468 0.671577 0.203546 0.671852 0.2145 0.570605 0.2145
0 0.0991737 0.0797852 0.456958 0.0848988 0.458331 0.152072 0.196852 0.149515 0.197126 0.165213 0.0969776 0.162656
0 0.57172 0.651505 0.601571 0.650659 0.602207 0.636292 0.639681 0.636925 0.6997 0.635024 0.931204 0.636716 0.930728 0.718265 0.570499 0.719513
1 0.242616 0.0498681 0.311364 0.0498681 0.311364 0.0682686 0.242616 0.0682686
1 0.715947 0.0514446 0.785485 0.0514446 0.785485 0.0735238 0.715947 0.0735238
0 0.570605 0.232021 0.600787 0.23129 0.601336 0.21961 0.930585 0.218879 0.930476 0.620936 0.695008 0.619878 0.695008 0.633567 0.658653 0.635647 0.635359 0.635136 0.570552 0.634078
4 0.571773 0.723769 0.638546 0.724295 0.638546 0.730605 0.855062 0.730079 0.855062 0.741644 0.930922 0.742695 0.932106 0.761096 0.832936 0.758468 0.833725 0.770033 0.930922 0.770559 0.931317 0.796842 0.621557 0.798948 0.621557 0.811564 0.931317 0.810513 0.932501 0.878853 0.779202 0.879907 0.779202 0.889892 0.932501 0.889892 0.931317 0.905665 0.710059 0.907242 0.708874 0.921963 0.567429 0.921963
0 0.0969776 0.176167 0.12716 0.178355 0.127762 0.164777 0.243193 0.165836 0.456465 0.168318 0.457289 0.201172 0.239709 0.199349 0.239983 0.21614 0.0962101 0.212856
0 0.0966078 0.278024 0.127476 0.278277 0.128238 0.264838 0.168633 0.265598 0.456919 0.267629 0.457109 0.301855 0.151485 0.297796 0.151485 0.312756 0.0958459 0.31301
0 0.0958459 0.326446 0.126905 0.326699 0.127095 0.313263 0.456157 0.316811 0.455966 0.36574 0.0968011 0.360165
0 0.0960364 0.375375 0.125762 0.375375 0.12519 0.362699 0.456765 0.366959 0.456538 0.416242 0.213258 0.412288 0.213258 0.428109 0.0955042 0.427196
0 0.0953529 0.444262 0.125566 0.442354 0.126006 0.428709 0.271445 0.429298 0.455193 0.43358 0.45451 0.531542 0.173961 0.526981 0.173961 0.541285 0.0953081 0.540361
