0 0.111805 0.647196 0.140962 0.647196 0.141513 0.632237 0.456734 0.63005 0.458111 0.674928 0.144538 0.67675 0.144538 0.696087 0.110979 0.696452
3 0.251846 0.398231 0.315413 0.398231 0.314355 0.417906 0.250785 0.417906
0 0.545746 0.154213 0.576276 0.151657 0.575726 0.134876 0.891498 0.129037 0.894744 0.377975 0.618609 0.384287 0.619545 0.402567 0.547314 0.405084
0 0.110649 0.445396 0.139959 0.444343 0.139959 0.428057 0.46 0.427531 0.46 0.607211 0.244923 0.608264 0.244799 0.629735 0.107708 0.630503
0 0.1102 0.717253 0.139861 0.715424 0.140962 0.697912 0.458934 0.698643 0.456349 0.855892 0.295601 0.858955 0.295601 0.87647 0.109441 0.878219
0 0.109855 0.314575 0.141939 0.311946 0.141939 0.295661 0.457227 0.295661 0.457624 0.341369 0.385932 0.340842 0.386326 0.361333 0.110252 0.363962
0 0.548412 0.424421 0.57867 0.421865 0.578395 0.406176 0.897192 0.398516 0.898569 0.554673 0.741785 0.558667 0.742336 0.578038 0.547586 0.585318
0 0.548716 0.695833 0.581997 0.693642 0.581174 0.676131 0.895845 0.669197 0.901182 0.874318 0.549925 0.881248
0 0.547861 0.604655 0.57867 0.602833 0.57867 0.585683 0.893066 0.579115 0.895598 0.647016 0.625816 0.653838 0.626366 0.670477 0.545937 0.677299
0 0.109852 0.153821 0.140354 0.152756 0.139562 0.13752 0.456039 0.139622 0.458018 0.269917 0.164515 0.273068 0.164515 0.291456 0.110252 0.293032
1 0.246914 0.0990495 0.31701 0.0990495 0.31701 0.123187 0.246914 0.123187
1 0.684518 0.0961514 0.751034 0.0961514 0.751034 0.118817 0.684518 0.118817
