1 0.227875 0.0950305 0.292982 0.0950305 0.292982 0.117262 0.227875 0.117262
5 0.0856171 0.2525 0.314834 0.258344 0.314834 0.279179 0.0851187 0.273323
5 0.0846203 0.275929 0.263119 0.279831 0.262357 0.300973 0.0841249 0.296752
5 0.0835004 0.298383 0.252067 0.302623 0.251305 0.322114 0.083005 0.319206
5 0.0832483 0.320837 0.258517 0.325069 0.258018 0.344254 0.0827499 0.34166
5 0.0827499 0.342961 0.361184 0.34882 0.361419 0.368657 0.0822633 0.362479
5 0.081888 0.364432 0.340428 0.370921 0.340428 0.390451 0.0814013 0.383947
5 0.0807652 0.387696 0.312958 0.392868 0.313193 0.412744 0.0802785 0.407215
5 0.0801437 0.410798 0.244474 0.414048 0.24421 0.43519 0.0796453 0.431622
5 0.543574 0.538217 0.755526 0.541436 0.755204 0.560774 0.543275 0.557532
5 0.54316 0.561189 0.700264 0.563307 0.7 0.581417 0.542858 0.580504
5 0.542155 0.583965 0.768367 0.584449 0.768602 0.607777 0.541865 0.604593
5 0.541656 0.606741 0.734301 0.608852 0.734535 0.628919 0.541357 0.626057
5 0.541906 0.628865 0.691791 0.630991 0.691029 0.650406 0.541604 0.648181
5 0.541785 0.65066 0.734916 0.653744 0.735151 0.674157 0.541486 0.669975
5 0.541179 0.672784 0.743272 0.676536 0.743506 0.696949 0.540877 0.692099
5 0.541674 0.696538 0.821313 0.698982 0.82231 0.71905 0.541372 0.715854
5 0.542164 0.718328 0.755438 0.72047 0.756435 0.740882 0.541865 0.737644
5 0.541923 0.740115 0.710202 0.743223 0.710935 0.763981 0.541865 0.760758
5 0.541911 0.762082 0.783524 0.763559 0.783788 0.785621 0.541609 0.781397
1 0.688572 0.10059 0.755095 0.10059 0.755095 0.12004 0.688572 0.12004
5 0.0862416 0.229551 0.321668 0.236055 0.321419 0.257204 0.0857432 0.250374
5 0.544483 0.42704 0.768631 0.429166 0.769335 0.450308 0.544181 0.446356
5 0.543829 0.44852 0.779918 0.451804 0.780006 0.471411 0.543527 0.467835
5 0.544424 0.470387 0.752477 0.473675 0.752858 0.49286 0.544125 0.489702
5 0.544529 0.315242 0.710994 0.316205 0.711346 0.337232 0.544529 0.336119
5 0.544412 0.291818 0.76309 0.292761 0.763178 0.313481 0.544412 0.312695
5 0.544292 0.270008 0.760246 0.27066 0.760539 0.291035 0.544298 0.289577
5 0.544292 0.247884 0.73861 0.248828 0.738933 0.268895 0.544295 0.268761
5 0.544541 0.226086 0.72917 0.227034 0.729464 0.246794 0.544532 0.245643
5 0.544049 0.203475 0.735386 0.204434 0.735444 0.224502 0.544052 0.224352
5 0.544263 0.180937 0.691146 0.182372 0.691088 0.201365 0.544263 0.201814
5 0.545303 0.158494 0.765729 0.159465 0.766022 0.179839 0.545303 0.179371
5 0.546376 0.134586 0.71667 0.13594 0.716681 0.157086 0.546376 0.155463
5 0.0793023 0.842946 0.234916 0.847205 0.234916 0.867733 0.0793023 0.864088
5 0.0789299 0.820672 0.239255 0.824912 0.239519 0.844788 0.0789299 0.840521
5 0.0779361 0.799523 0.318821 0.80377 0.319056 0.822648 0.0779361 0.819371
5 0.0793023 0.776428 0.252565 0.780019 0.253064 0.800202 0.0793023 0.796281
5 0.0793023 0.754304 0.289358 0.757228 0.289123 0.777103 0.0793023 0.774153
5 0.0799179 0.73251 0.27382 0.735434 0.27382 0.755616 0.0799179 0.752359
5 0.0796687 0.709081 0.286485 0.713333 0.286514 0.731865 0.0796687 0.728934
5 0.0796687 0.686957 0.314101 0.689582 0.314101 0.71199 0.0796687 0.706806
5 0.0796687 0.664833 0.283524 0.668095 0.283788 0.688239 0.0796687 0.684682
5 0.0794195 0.642383 0.320551 0.645303 0.32058 0.666445 0.0794195 0.662232
5 0.0800469 0.618793 0.37341 0.621706 0.374377 0.6435 0.0800469 0.638642
5 0.0805453 0.597644 0.289358 0.600257 0.289622 0.619442 0.0805453 0.617497
5 0.0807974 0.574538 0.371659 0.577465 0.372647 0.599259 0.0807974 0.594386
5 0.0793961 0.477332 0.23776 0.480889 0.238001 0.50043 0.0791615 0.498166
5 0.547271 0.846576 0.734512 0.845935 0.735001 0.871662 0.546288 0.871662
3 0.100246 0.12657 0.42224 0.129655 0.422829 0.155125 0.101425 0.149723
5 0.0796541 0.455373 0.238024 0.459593 0.238259 0.478471 0.0794195 0.476207
5 0.0797713 0.433157 0.291967 0.437147 0.291967 0.458941 0.0794782 0.453416
5 0.542656 0.516561 0.71243 0.518337 0.712665 0.536793 0.542354 0.535876
5 0.543386 0.493036 0.732454 0.496889 0.732395 0.514961 0.543084 0.512352
5 0.084251 0.156767 0.322123 0.159001 0.322123 0.182671 0.0839109 0.179544
3 0.0819642 0.524837 0.437573 0.527922 0.436391 0.550307 0.289549 0.550307 0.289549 0.569603 0.219962 0.568061 0.22114 0.551078 0.0825535 0.547218
5 0.54465 0.337854 0.721548 0.339803 0.722398 0.359832 0.544884 0.357415
5 0.545201 0.381599 0.733245 0.383736 0.733069 0.404878 0.545201 0.402476
5 0.545145 0.359329 0.7382 0.361252 0.73905 0.382624 0.545145 0.380206
3 0.574433 0.815059 0.866022 0.814525 0.866429 0.838107 0.57484 0.838645
5 0.544852 0.404425 0.73392 0.406566 0.73392 0.427708 0.544852 0.425302
3 0.10732 0.202209 0.411624 0.205298 0.412213 0.230767 0.10732 0.225365
