4 0.0962734 0.824082 0.163332 0.826792 0.163163 0.832669 0.437963 0.840808 0.437456 0.858893 0.183548 0.853468 0.183548 0.872909 0.0939165 0.868388 0.0954302 0.850754 0.120872 0.849851 0.121042 0.831314 0.0962734 0.830634
0 0.104955 0.205223 0.134342 0.2061 0.134671 0.190327 0.44945 0.199092 0.449125 0.335345 0.239488 0.32965 0.239163 0.350681 0.101036 0.347611
0 0.0997295 0.434362 0.130751 0.434362 0.131079 0.417713 0.443899 0.426037 0.443574 0.516726 0.424308 0.515849 0.424201 0.536842 0.0974388 0.526881
0 0.557799 0.717984 0.589732 0.714686 0.590112 0.697953 0.902268 0.689257 0.905537 0.875102 0.55914 0.880581
0 0.554688 0.351662 0.585528 0.349835 0.585528 0.333712 0.897551 0.32641 0.902607 0.666041 0.727842 0.671307 0.728227 0.691296 0.557773 0.697594
0 0.554915 0.21566 0.584167 0.215053 0.583712 0.197103 0.895963 0.192235 0.899591 0.303591 0.61478 0.311804 0.615007 0.328843 0.555367 0.330974
0 0.0970849 0.797082 0.1268 0.798394 0.127128 0.779116 0.439295 0.788317 0.439295 0.834758 0.0954532 0.822051
0 0.0942043 0.728718 0.126858 0.729023 0.127309 0.711984 0.440288 0.720868 0.440288 0.767297 0.393258 0.764679 0.393258 0.785703 0.0925266 0.775633
0 0.0976518 0.548572 0.130529 0.549182 0.131439 0.530012 0.442193 0.53856 0.440219 0.700242 0.411804 0.697594 0.410832 0.716883 0.0954043 0.709428
0 0.101036 0.368643 0.131729 0.369955 0.132058 0.351117 0.446837 0.356376 0.447165 0.406319 0.137283 0.396245 0.13663 0.414643 0.100383 0.413767
3 0.650417 0.156759 0.668955 0.156527 0.669292 0.139346 0.773586 0.138666 0.773922 0.158107 0.794478 0.160593 0.794138 0.182072 0.651433 0.182748
0 0.104302 0.122859 0.45141 0.132496 0.449778 0.18069 0.347571 0.176308 0.347571 0.195586 0.102996 0.186821
1 0.243804 0.0918778 0.309312 0.0918778 0.309312 0.114925 0.243804 0.114925
1 0.68634 0.0942215 0.757088 0.0942215 0.757088 0.115318 0.68634 0.115318
