3 0.13171 0.419985 0.402222 0.425094 0.401639 0.446268 0.131157 0.44079
3 0.130252 0.50796 0.382695 0.510516 0.382373 0.535703 0.129699 0.529134
3 0.128797 0.664565 0.383278 0.668583 0.383278 0.690487 0.128241 0.685009
3 0.55609 0.245634 0.773527 0.244904 0.77411 0.263886 0.555506 0.266443
3 0.555973 0.58148 0.819168 0.576006 0.81946 0.599367 0.555973 0.601193
3 0.556455 0.80401 0.799589 0.799144 0.800074 0.820133 0.555967 0.825
1 0.25361 0.0947215 0.320335 0.0947215 0.320335 0.116522 0.25361 0.116522
1 0.669914 0.10108 0.738815 0.10108 0.738815 0.119248 0.669914 0.119248
5 0.5198 0.740423 0.771258 0.737763 0.771872 0.758714 0.519555 0.758991
5 0.519196 0.427858 0.68582 0.427592 0.68674 0.448466 0.51895 0.446425
5 0.519672 0.450308 0.679435 0.450427 0.680049 0.470148 0.519426 0.468875
5 0.520135 0.472043 0.716697 0.470609 0.716697 0.491868 0.51989 0.490611
5 0.520758 0.495085 0.693002 0.495212 0.693002 0.515317 0.520513 0.513653
5 0.520752 0.516763 0.746317 0.515702 0.747268 0.53623 0.520506 0.53533
5 0.520436 0.538379 0.741314 0.537691 0.741958 0.558219 0.52019 0.556946
5 0.5226 0.606003 0.741928 0.603734 0.742572 0.625839 0.522354 0.62457
5 0.521504 0.628668 0.714027 0.627569 0.714979 0.649288 0.521258 0.647236
5 0.519785 0.651518 0.736004 0.650019 0.737262 0.668625 0.51954 0.670086
5 0.520258 0.673442 0.725261 0.672354 0.726182 0.691344 0.520012 0.692009
5 0.521044 0.696284 0.762523 0.692075 0.763137 0.713794 0.520798 0.714852
5 0.5198 0.761905 0.733211 0.761194 0.732904 0.779031 0.519555 0.780472
5 0.525408 0.82733 0.739134 0.82543 0.739134 0.84642 0.525163 0.845897
5 0.52151 0.851483 0.734929 0.848034 0.735236 0.870577 0.521265 0.87005
5 0.0904911 0.799809 0.302032 0.804691 0.30229 0.827149 0.090752 0.818684
5 0.520734 0.717762 0.772192 0.715101 0.772805 0.736052 0.520488 0.736329
5 0.0996624 0.261318 0.321363 0.268326 0.321393 0.289431 0.0993493 0.28202
5 0.0995058 0.283784 0.318386 0.290777 0.318416 0.311881 0.0991928 0.304485
5 0.099601 0.306845 0.333824 0.313842 0.333855 0.334216 0.099601 0.327527
5 0.0992327 0.330411 0.308072 0.335408 0.307796 0.357282 0.0991713 0.350785
5 0.0996102 0.352815 0.3469 0.358781 0.347422 0.37904 0.0995488 0.373189
5 0.0996194 0.375595 0.374463 0.381577 0.374463 0.401836 0.099558 0.39597
5 0.0987017 0.444492 0.339521 0.448832 0.339088 0.470528 0.0982689 0.46402
5 0.0981277 0.466146 0.28892 0.470494 0.28849 0.490292 0.0976949 0.485675
5 0.0966882 0.532632 0.360221 0.538306 0.359638 0.560756 0.0962554 0.55216
5 0.0952394 0.555505 0.267618 0.559411 0.267188 0.580092 0.0948036 0.575033
5 0.0957888 0.576883 0.259147 0.581707 0.259423 0.601928 0.095356 0.596411
5 0.0947452 0.599029 0.273972 0.604311 0.273726 0.624993 0.0943125 0.618558
5 0.0938091 0.621625 0.311664 0.626915 0.311756 0.646251 0.0933763 0.641154
5 0.0930909 0.688169 0.291894 0.692724 0.291894 0.715832 0.0930909 0.708347
5 0.09283 0.71095 0.306967 0.716808 0.307228 0.738943 0.0925691 0.730482
5 0.0923112 0.733085 0.277861 0.738943 0.277342 0.760098 0.0923112 0.75131
5 0.0920503 0.754893 0.305408 0.761401 0.305408 0.781906 0.0917894 0.774422
5 0.0915316 0.778327 0.293714 0.783209 0.293453 0.803388 0.0910098 0.796553
5 0.0897115 0.822916 0.26175 0.827476 0.261489 0.847981 0.0897115 0.840492
5 0.0889319 0.844075 0.292934 0.849934 0.293453 0.872391 0.0889319 0.86458
5 0.519985 0.137861 0.683708 0.134878 0.684573 0.157659 0.52085 0.157659
5 0.5202 0.161184 0.812563 0.15576 0.813428 0.178545 0.520635 0.180171
5 0.519985 0.182616 0.705147 0.180717 0.70558 0.201598 0.519985 0.201329
5 0.5202 0.204043 0.703413 0.202955 0.703631 0.224114 0.519767 0.223299
5 0.522173 0.270902 0.730592 0.268949 0.730847 0.290123 0.521912 0.289777
5 0.521486 0.293006 0.734316 0.292391 0.734592 0.313188 0.52124 0.311574
5 0.521215 0.315622 0.705709 0.315341 0.706507 0.334485 0.52097 0.334189
5 0.520568 0.340202 0.736495 0.336331 0.736802 0.357435 0.520322 0.358769
5 0.519911 0.361349 0.698926 0.360088 0.700031 0.379886 0.519665 0.379916
5 0.519257 0.3825 0.744782 0.380924 0.745641 0.402336 0.519012 0.401067
5 0.520031 0.404808 0.710988 0.404527 0.711602 0.426593 0.519785 0.423375
5 0.102928 0.149417 0.298459 0.154495 0.298459 0.176369 0.102618 0.170118
5 0.102004 0.173051 0.311265 0.177718 0.311265 0.198054 0.101691 0.193752
5 0.102004 0.194533 0.297535 0.199607 0.297535 0.221481 0.101691 0.21523
5 0.101068 0.216795 0.304696 0.223042 0.305341 0.243762 0.100755 0.237496
5 0.100439 0.239441 0.34647 0.246453 0.346808 0.267173 0.100126 0.260138
3 0.139288 0.124441 0.402778 0.12882 0.402486 0.152181 0.138122 0.148533
