0 0.112199 0.320438 0.146739 0.320438 0.146281 0.300059 0.460519 0.297718 0.460609 0.406919 0.113417 0.409993
0 0.112428 0.430119 0.144592 0.429682 0.144592 0.411721 0.45696 0.410406 0.460276 0.519478 0.194996 0.523417 0.194665 0.543567 0.111764 0.544007
0 0.111433 0.561091 0.143597 0.561528 0.143928 0.545759 0.457624 0.544007 0.45998 0.723598 0.357813 0.726097 0.358277 0.743748 0.113786 0.744403
0 0.114459 0.765626 0.145164 0.76461 0.145164 0.745855 0.46197 0.744081 0.461143 0.789707 0.307221 0.792267 0.307508 0.811608 0.114076 0.812344
0 0.113516 0.833493 0.145019 0.832033 0.145019 0.814513 0.45783 0.812321 0.458935 0.878755 0.11324 0.880947
1 0.253638 0.106435 0.318631 0.106435 0.318631 0.125711 0.253638 0.125711
0 0.110978 0.143706 0.457087 0.138537 0.459135 0.294978 0.112292 0.298476
0 0.568288 0.402386 0.600757 0.401171 0.601218 0.38383 0.915527 0.378477 0.918312 0.880296 0.570131 0.876096
0 0.566287 0.136678 0.914444 0.132877 0.915251 0.359435 0.65978 0.365214 0.65978 0.380454 0.56785 0.382037
1 0.70727 0.100303 0.773589 0.100303 0.773589 0.122641 0.70727 0.122641
