0 0.116996 0.832115 0.151045 0.830847 0.151045 0.814127 0.461635 0.810858 0.461957 0.85593 0.439283 0.855496 0.439931 0.876957 0.117168 0.884404
1 0.692032 0.105287 0.756452 0.105287 0.756452 0.125425 0.692032 0.125425
0 0.117131 0.631465 0.148705 0.629943 0.148895 0.611449 0.46095 0.605876 0.461557 0.78783 0.349942 0.78783 0.349942 0.809363 0.118823 0.813039
0 0.581911 0.161363 0.581914 0.138864 0.849419 0.138258 0.849419 0.161968
0 0.551712 0.183368 0.582532 0.183674 0.582529 0.162394 0.896826 0.164525 0.897056 0.181854 0.641646 0.185196 0.641873 0.205261 0.551258 0.205261
0 0.553016 0.225568 0.5836 0.224353 0.583373 0.207025 0.89539 0.205564 0.895298 0.476108 0.598826 0.476534 0.598705 0.496979 0.551488 0.496691
0 0.550371 0.516546 0.582181 0.5164 0.582294 0.498807 0.893845 0.499949 0.891873 0.747917 0.810222 0.747917 0.809836 0.768926 0.550702 0.765775
0 0.548881 0.786235 0.582357 0.786741 0.582167 0.7685 0.893062 0.77126 0.893062 0.88248 0.548273 0.88291
0 0.113568 0.138925 0.459709 0.137679 0.45939 0.226117 0.188892 0.229612 0.188576 0.249754 0.114276 0.251077
0 0.117583 0.273403 0.148806 0.274285 0.148135 0.251943 0.458409 0.247566 0.458737 0.27077 0.285194 0.272518 0.284866 0.291782 0.117583 0.294408
0 0.114849 0.315922 0.14977 0.314401 0.149542 0.295554 0.45722 0.292817 0.461329 0.585585 0.209799 0.58923 0.209799 0.60808 0.117816 0.609602
1 0.254889 0.105287 0.317997 0.105287 0.317997 0.122359 0.254889 0.122359
