0 0.548082 0.672718 0.575719 0.670921 0.575045 0.657437 0.895233 0.652944 0.901973 0.787758 0.675485 0.789555 0.676159 0.813823 0.546734 0.814722
0 0.549378 0.378532 0.580923 0.377453 0.579306 0.362353 0.894773 0.362353 0.895583 0.475599 0.755644 0.473443 0.755644 0.495011 0.548568 0.496091
1 0.688314 0.0989606 0.754411 0.0989606 0.754411 0.124401 0.688314 0.124401
3 0.136179 0.154388 0.417345 0.154388 0.417345 0.177526 0.136179 0.177526
1 0.244229 0.104966 0.30969 0.104966 0.30969 0.12705 0.244229 0.12705
4 0.104764 0.41866 0.178374 0.416029 0.177718 0.423477 0.446196 0.417784 0.448826 0.417345 0.454773 0.864306 0.170619 0.864306 0.170619 0.88341 0.105192 0.884285
0 0.548756 0.833598 0.579766 0.8318 0.579092 0.816519 0.893885 0.814722 0.896702 0.879838 0.546734 0.88123
0 0.105296 0.201655 0.136034 0.201655 0.134417 0.183319 0.459589 0.176847 0.458782 0.406572 0.10287 0.414124
0 0.551386 0.513609 0.578536 0.513609 0.578068 0.498629 0.897787 0.494884 0.89919 0.632197 0.740969 0.630323 0.741438 0.650923 0.548577 0.654668
0 0.548568 0.134787 0.898817 0.134787 0.89801 0.158515 0.622985 0.159591 0.622178 0.175771 0.549378 0.177927
0 0.547758 0.195183 0.577689 0.194107 0.577689 0.180083 0.893156 0.175771 0.895583 0.358041 0.548568 0.358041
