0 0.547407 0.126441 0.899857 0.124547 0.899857 0.2135 0.587045 0.219177 0.587045 0.236839 0.546454 0.239364
0 0.545498 0.260179 0.577494 0.258289 0.577494 0.242517 0.894604 0.238102 0.898424 0.487916 0.784283 0.491072 0.784761 0.504951 0.545498 0.51126
0 0.108089 0.130101 0.456238 0.133253 0.457194 0.448049 0.198829 0.449308 0.198829 0.469495 0.102835 0.472651
0 0.106177 0.53826 0.138654 0.53826 0.138654 0.519335 0.457672 0.521856 0.459583 0.631623 0.106177 0.631623
0 0.54884 0.530816 0.578928 0.528922 0.578928 0.51315 0.898902 0.508735 0.899857 0.737103 0.632416 0.739628 0.632416 0.756028 0.54884 0.761074
0 0.550752 0.78063 0.579406 0.779999 0.577972 0.761705 0.897946 0.759184 0.898902 0.80208 0.550274 0.805236
1 0.688013 0.0929591 0.755449 0.0929591 0.755449 0.11158 0.688013 0.11158
3 0.22676 0.487373 0.338193 0.488424 0.338193 0.507877 0.226361 0.5084
4 0.550964 0.807661 0.618622 0.807661 0.61829 0.814231 0.896874 0.812919 0.898531 0.851031 0.731049 0.852347 0.731049 0.872061 0.550964 0.873813 0.550632 0.833068 0.579819 0.831756 0.578823 0.818173 0.551629 0.818173
4 0.108998 0.635992 0.17745 0.634937 0.177051 0.644402 0.456034 0.64598 0.455437 0.856735 0.369872 0.856735 0.369872 0.875976 0.105216 0.875976 0.107882 0.661329 0.13972 0.663065 0.139362 0.645137 0.109872 0.645137
1 0.249409 0.100187 0.314079 0.100187 0.314079 0.119536 0.249409 0.119536
