0 0.546448 0.762415 0.578257 0.762415 0.578251 0.740965 0.888674 0.732134 0.892473 0.86967 0.546923 0.877239
0 0.545024 0.651378 0.576828 0.650117 0.575879 0.628663 0.8882 0.621725 0.890098 0.711312 0.639008 0.716992 0.638999 0.735923 0.546448 0.739704
0 0.543515 0.266283 0.574763 0.265759 0.574366 0.249987 0.884869 0.2421 0.889617 0.533365 0.620012 0.541569 0.620486 0.561126 0.543592 0.56428
0 0.539557 0.138002 0.88566 0.13064 0.886057 0.217917 0.702128 0.224225 0.702522 0.2421 0.542327 0.247884
0 0.108197 0.799075 0.135856 0.799075 0.135856 0.781834 0.453443 0.785107 0.452125 0.803513 0.390817 0.806151 0.391142 0.825877 0.108329 0.823239
0 0.10524 0.708078 0.138812 0.708078 0.139574 0.693628 0.451265 0.695654 0.451458 0.7598 0.429712 0.761069 0.428758 0.780844 0.10734 0.779071
0 0.107912 0.133575 0.449071 0.137081 0.451642 0.536917 0.386376 0.536917 0.386773 0.564253 0.106724 0.563202
0 0.107852 0.648496 0.450322 0.648943 0.449664 0.670852 0.36627 0.670412 0.366601 0.693635 0.108835 0.69232
0 0.1065 0.84728 0.137216 0.847166 0.137325 0.825976 0.451763 0.830441 0.452517 0.874384 0.107593 0.869147
1 0.678208 0.1019 0.745246 0.1019 0.745246 0.11945 0.678208 0.11945
1 0.245522 0.100547 0.31002 0.100547 0.31002 0.1208 0.245522 0.1208
3 0.662586 0.598693 0.769563 0.596739 0.77015 0.617833 0.662879 0.617833
3 0.242025 0.613147 0.314616 0.613147 0.314616 0.636194 0.241142 0.633071
