0 0.114909 0.644858 0.144234 0.644493 0.144234 0.626241 0.4594 0.630254 0.457206 0.648141 0.16561 0.649236 0.16561 0.668583 0.114909 0.668948
0 0.118473 0.240769 0.147521 0.239673 0.148343 0.220692 0.461045 0.225439 0.46159 0.37948 0.195758 0.379845 0.195209 0.398826 0.115183 0.400287
0 0.538136 0.694611 0.570747 0.694246 0.570199 0.678185 0.882626 0.672342 0.883446 0.782215 0.746967 0.783676 0.746967 0.804849 0.538136 0.809958
0 0.538958 0.82967 0.569105 0.828574 0.569105 0.811053 0.88153 0.80631 0.882626 0.849747 0.802874 0.850842 0.803149 0.873476 0.539232 0.87968
0 0.112014 0.847075 0.144574 0.847075 0.144245 0.82824 0.456999 0.83306 0.457328 0.874233 0.111685 0.870293
0 0.114317 0.754212 0.144903 0.755965 0.144574 0.73932 0.45667 0.741069 0.456999 0.810281 0.200482 0.804588 0.200482 0.826487 0.113001 0.826049
0 0.114635 0.68793 0.144508 0.68793 0.144782 0.671504 0.457755 0.674787 0.458303 0.717133 0.281042 0.715234 0.281042 0.737137 0.113648 0.73626
0 0.115183 0.596673 0.14396 0.598134 0.145056 0.580613 0.457755 0.585722 0.457206 0.606895 0.337991 0.604338 0.337717 0.626607 0.114635 0.622224
0 0.116006 0.417078 0.147247 0.418539 0.148618 0.402113 0.459126 0.406491 0.459674 0.469645 0.314696 0.468914 0.314424 0.489718 0.115457 0.487165
0 0.536491 0.13356 0.880433 0.134655 0.88153 0.222264 0.646113 0.225182 0.646387 0.243798 0.538136 0.245624
0 0.537861 0.33615 0.570473 0.335785 0.571022 0.315712 0.885091 0.31279 0.885639 0.356958 0.602814 0.360244 0.602814 0.379956 0.537587 0.381782
0 0.539232 0.401856 0.568557 0.40149 0.569105 0.383604 0.883446 0.381417 0.883175 0.559183 0.798216 0.559913 0.798216 0.57926 0.537313 0.584373
0 0.538684 0.603354 0.570199 0.602989 0.570473 0.585468 0.882078 0.581816 0.881804 0.650808 0.73628 0.651174 0.73628 0.673073 0.53841 0.67709
0 0.120326 0.132576 0.463192 0.13321 0.461772 0.201964 0.307861 0.200699 0.306912 0.219623 0.117486 0.217732
1 0.256534 0.0917986 0.323622 0.0917986 0.323622 0.117557 0.256534 0.117557
1 0.676433 0.0996826 0.743916 0.0996826 0.743916 0.123861 0.676433 0.123861
0 0.113538 0.507969 0.145056 0.507969 0.145605 0.490083 0.457481 0.4941 0.457755 0.5828 0.113538 0.578422
0 0.53841 0.266431 0.567734 0.266066 0.568009 0.24745 0.884543 0.243433 0.885639 0.289791 0.728332 0.290157 0.728332 0.31206 0.538136 0.31352
