4 0.114355 0.75867 0.181326 0.757908 0.181517 0.763736 0.459005 0.760697 0.461114 0.855502 0.271326 0.859303 0.271326 0.877303 0.114355 0.878314 0.113969 0.780721 0.139109 0.779456 0.138918 0.766526 0.114737 0.766526
0 0.566124 0.493124 0.598825 0.491909 0.598593 0.472744 0.913844 0.47092 0.915686 0.560654 0.617015 0.565218 0.617247 0.583164 0.566815 0.583471
0 0.565065 0.203998 0.597763 0.203082 0.597305 0.183312 0.910943 0.180878 0.912672 0.405612 0.599124 0.409291 0.599516 0.428211 0.566493 0.429276
3 0.158138 0.386245 0.186684 0.386551 0.186922 0.364363 0.386113 0.363754 0.386574 0.383524 0.417662 0.38444 0.417891 0.407253 0.157908 0.40695
3 0.659617 0.445762 0.818509 0.443329 0.818738 0.46462 0.659617 0.463708
1 0.705791 0.102334 0.771845 0.102334 0.771845 0.122836 0.705791 0.122836
1 0.250966 0.107592 0.322988 0.107592 0.322988 0.126515 0.250966 0.126515
0 0.113487 0.57071 0.144714 0.569982 0.144439 0.553921 0.459516 0.55268 0.461891 0.749791 0.114511 0.752968
0 0.109341 0.142538 0.457525 0.138889 0.459182 0.298039 0.270998 0.30096 0.271552 0.31848 0.109896 0.32286
0 0.564143 0.139813 0.911175 0.138594 0.911865 0.162323 0.846466 0.162626 0.847386 0.17966 0.565065 0.182093
0 0.11266 0.436749 0.144714 0.436017 0.144439 0.416672 0.458077 0.41448 0.459182 0.528732 0.393969 0.529464 0.39369 0.548809 0.112382 0.551729
0 0.599086 0.874325 0.598753 0.854176 0.916095 0.850669 0.915434 0.873448
0 0.566655 0.759897 0.598892 0.758985 0.599582 0.741951 0.913455 0.736781 0.91479 0.827458 0.855422 0.829221 0.855422 0.849815 0.567276 0.852007
0 0.566585 0.602329 0.598593 0.601111 0.598825 0.584989 0.913386 0.580122 0.913455 0.716398 0.6613 0.718831 0.661529 0.737996 0.568726 0.74072
