0 0.0840746 0.243795 0.115233 0.245546 0.115579 0.22803 0.437559 0.245984 0.434719 0.621833 0.0793289 0.601382
3 0.692326 0.47898 0.791092 0.47407 0.79108 0.497251 0.691023 0.499877
1 0.227683 0.112513 0.294848 0.112513 0.294848 0.132218 0.227683 0.132218
0 0.563485 0.678832 0.597144 0.67731 0.597385 0.658457 0.821463 0.650243 0.9222 0.650852 0.922465 0.849307 0.784676 0.851496 0.784339 0.871201 0.561369 0.880416
1 0.708577 0.111638 0.77678 0.111638 0.77678 0.130905 0.708577 0.130905
0 0.0882275 0.135195 0.438944 0.156213 0.439636 0.219271 0.263759 0.214019 0.263759 0.233286 0.0840716 0.223215
0 0.0815859 0.621084 0.112456 0.624003 0.112456 0.607214 0.432735 0.625023 0.431926 0.887762 0.0754409 0.87251
0 0.564036 0.154279 0.920349 0.142236 0.920638 0.163038 0.684634 0.169973 0.685212 0.191135 0.562883 0.194055
0 0.563172 0.216679 0.597505 0.215587 0.597505 0.196974 0.813024 0.187489 0.920638 0.187124 0.920927 0.297326 0.712332 0.3028 0.712332 0.320316 0.562594 0.329075
0 0.564324 0.34951 0.595197 0.348414 0.59433 0.330171 0.829467 0.318493 0.920349 0.318128 0.920638 0.408264 0.658092 0.415926 0.657803 0.437454 0.563172 0.438916
0 0.566621 0.544083 0.59703 0.543455 0.596034 0.522646 0.922085 0.518231 0.923082 0.62795 0.709206 0.632365 0.709702 0.651283 0.56313 0.65759
