3 0.634755 0.801039 0.687021 0.800748 0.687021 0.780977 0.783275 0.784016 0.784198 0.802269 0.833475 0.804702 0.833708 0.824476 0.634987 0.822959
1 0.704456 0.100414 0.767183 0.100414 0.767183 0.121583 0.704456 0.121583
3 0.640624 0.14604 0.832399 0.146404 0.83295 0.166849 0.641175 0.164657
1 0.249608 0.0945742 0.31593 0.0945742 0.31593 0.113555 0.249608 0.113555
0 0.108918 0.281645 0.141149 0.281645 0.140354 0.264826 0.454711 0.260093 0.456701 0.420937 0.33454 0.421462 0.33454 0.44091 0.109315 0.441439
0 0.560682 0.302822 0.591906 0.302454 0.59163 0.285665 0.909138 0.285297 0.909054 0.468287 0.737508 0.468287 0.737508 0.484091 0.560873 0.485333
0 0.561233 0.171777 0.913008 0.172141 0.910798 0.262669 0.758813 0.264129 0.758813 0.284569 0.560957 0.283473
0 0.108123 0.130263 0.457099 0.127634 0.457499 0.237491 0.153087 0.243274 0.153087 0.261672 0.108918 0.262722
0 0.1089 0.464271 0.142338 0.463539 0.142889 0.443831 0.457581 0.440324 0.459156 0.802867 0.182985 0.805423 0.183815 0.826592 0.11114 0.829148
0 0.561102 0.505111 0.592422 0.503892 0.591961 0.48777 0.908317 0.485643 0.907972 0.734072 0.877346 0.734072 0.877346 0.755972 0.560252 0.754758
0 0.562721 0.849362 0.593612 0.848339 0.593612 0.831861 0.9089 0.832876 0.909487 0.878832 0.563098 0.876475
