1 0.678836 0.0905089 0.744012 0.0905089 0.744012 0.110958 0.678836 0.110958
0 0.106149 0.41359 0.134649 0.413154 0.134319 0.393435 0.454453 0.399567 0.45114 0.647601 0.367956 0.645409 0.368289 0.668198 0.100515 0.662499
0 0.10681 0.119109 0.457436 0.126559 0.457105 0.1511 0.140284 0.1454 0.139953 0.165997 0.106149 0.16556
0 0.107143 0.18309 0.136971 0.183527 0.136637 0.168626 0.454787 0.17301 0.454123 0.375027 0.312614 0.373275 0.31195 0.393435 0.103497 0.391243
0 0.102836 0.682658 0.132991 0.683536 0.133325 0.664691 0.449813 0.672578 0.449813 0.717715 0.422971 0.715963 0.422971 0.735682 0.100845 0.730424
6 0.565468 0.229294 0.817237 0.225791 0.818564 0.248568 0.77086 0.247253 0.771854 0.265213 0.757278 0.265654 0.757278 0.282299 0.813927 0.28405 0.814588 0.302887 0.792725 0.304202 0.793386 0.323913 0.781129 0.32435 0.781792 0.340999 0.733757 0.34275 0.733757 0.365527 0.727792 0.365527 0.728126 0.378232 0.769865 0.38042 0.770196 0.397943 0.787094 0.396628 0.787754 0.418532 0.769865 0.420283 0.77086 0.439557 0.792392 0.439998 0.792725 0.455765 0.784442 0.45708 0.783117 0.477232 0.761915 0.478983 0.762909 0.492125 0.886474 0.494313 0.885813 0.511399 0.840427 0.514465 0.841091 0.531988 0.567126 0.535491
0 0.540643 0.564613 0.571804 0.564164 0.571474 0.544005 0.890944 0.540939 0.88995 0.700888 0.541316 0.706584
0 0.0998509 0.751457 0.131667 0.751457 0.13233 0.732179 0.448158 0.737874 0.448158 0.827711 0.175082 0.821575 0.174749 0.843922 0.0978626 0.8448
0 0.13233 0.845678 0.448488 0.85181 0.448488 0.874599 0.131003 0.866274
0 0.540678 0.126138 0.88905 0.119828 0.889845 0.189242 0.753836 0.191871 0.753836 0.213956 0.535906 0.217111 0.535906 0.126138
4 0.541351 0.710663 0.609012 0.709139 0.609474 0.717661 0.891626 0.717966 0.889556 0.871343 0.539971 0.876516 0.539509 0.741095 0.572649 0.73927 0.573111 0.717359 0.541582 0.716748
1 0.252982 0.0905824 0.31733 0.0905824 0.31733 0.108476 0.252982 0.108476
