1 0.679652 0.0976657 0.745667 0.0976657 0.745667 0.119225 0.679652 0.119225
0 0.10595 0.365125 0.137102 0.364688 0.137102 0.348035 0.455249 0.354608 0.454588 0.578099 0.401561 0.578539 0.401231 0.600887 0.10131 0.595188
4 0.104544 0.644017 0.175196 0.645842 0.175196 0.656494 0.455509 0.664103 0.454129 0.727095 0.292798 0.720097 0.293029 0.735922 0.453208 0.744138 0.451825 0.868907 0.299933 0.862822 0.299474 0.88169 0.0983304 0.875604 0.101781 0.757527 0.134462 0.755397 0.135611 0.735616 0.102471 0.734704 0.105234 0.672621 0.135152 0.673537 0.134462 0.655276 0.104082 0.654669
0 0.102789 0.613155 0.13524 0.613763 0.135702 0.597025 0.452605 0.605241 0.452143 0.651499 0.10233 0.641454
3 0.185784 0.319613 0.37519 0.324176 0.374728 0.346698 0.185784 0.340612
0 0.106459 0.195401 0.137667 0.196499 0.137667 0.177507 0.457719 0.181892 0.456918 0.296925 0.104526 0.290716
0 0.540845 0.558759 0.5715 0.558028 0.571225 0.540502 0.888819 0.537946 0.890751 0.882676 0.540292 0.881945
1 0.248205 0.100399 0.314538 0.100399 0.314538 0.118699 0.248205 0.118699
0 0.539061 0.354825 0.570544 0.353951 0.570614 0.33777 0.891012 0.335106 0.891675 0.449482 0.538731 0.448605
6 0.152825 0.129745 0.340778 0.133697 0.34124 0.154993 0.318924 0.154386 0.318693 0.171723 0.151675 0.166855
0 0.538398 0.131771 0.890348 0.13002 0.891012 0.31451 0.823406 0.31451 0.823406 0.332914 0.538067 0.335984
6 0.615199 0.453299 0.716237 0.453299 0.716515 0.470821 0.732249 0.471915 0.732526 0.490532 0.805132 0.492724 0.805681 0.511341 0.790775 0.511341 0.791053 0.529595 0.614924 0.528864
