1 0.70052 0.091003 0.766236 0.091003 0.766236 0.113719 0.70052 0.113719
4 0.104183 0.819188 0.170783 0.820961 0.169827 0.827048 0.45192 0.829584 0.45307 0.848857 0.192411 0.849619 0.191836 0.864831 0.102079 0.86382 0.104759 0.844547 0.136334 0.8448 0.135762 0.828316 0.104374 0.826539
0 0.561347 0.305946 0.591393 0.305436 0.591203 0.287432 0.907745 0.283072 0.90987 0.775464 0.7627 0.779114 0.762986 0.79882 0.560986 0.79882
0 0.55937 0.132352 0.90771 0.125411 0.908537 0.260525 0.669879 0.262716 0.669879 0.2828 0.560197 0.286451
0 0.559037 0.818536 0.594039 0.819632 0.594313 0.801371 0.907933 0.798816 0.909034 0.866007 0.560142 0.867103
0 0.108945 0.124641 0.454117 0.130421 0.453888 0.151724 0.263044 0.150199 0.262816 0.170284 0.108716 0.166024
0 0.107109 0.188239 0.139948 0.188848 0.139948 0.16846 0.452741 0.175153 0.451914 0.377029 0.362807 0.375814 0.362807 0.39529 0.105134 0.392551
0 0.104903 0.412635 0.136138 0.41172 0.136597 0.39529 0.452741 0.398638 0.453015 0.555292 0.405614 0.554564 0.405889 0.574645 0.10357 0.568075
0 0.104582 0.591435 0.135204 0.591941 0.135776 0.572163 0.447973 0.577487 0.448528 0.82362 0.102382 0.817027
1 0.251353 0.0926425 0.31612 0.0926425 0.31612 0.113466 0.251353 0.113466
