0 0.546755 0.489993 0.577202 0.489555 0.577202 0.474228 0.899062 0.465472 0.900065 0.490428 0.788319 0.491744 0.789321 0.51101 0.546758 0.516266
1 0.252684 0.0947702 0.316373 0.0947702 0.316373 0.123327 0.252684 0.123327
2 0.105409 0.405718 0.459953 0.410362 0.456414 0.596521 0.104006 0.590034
2 0.105423 0.6808 0.457122 0.685432 0.456414 0.87159 0.102593 0.868809
0 0.621814 0.379162 0.827778 0.377588 0.82858 0.394927 0.620608 0.398605
0 0.548095 0.580109 0.578207 0.580109 0.577872 0.563908 0.901402 0.556903 0.903075 0.576608 0.670547 0.581859 0.671217 0.60463 0.547425 0.606819
0 0.54843 0.535532 0.577202 0.53422 0.576534 0.518016 0.90341 0.51101 0.90408 0.532904 0.854897 0.535093 0.854897 0.553925 0.54776 0.561804
0 0.548762 0.628279 0.578542 0.626963 0.577872 0.607696 0.900065 0.602003 0.903075 0.875684 0.548762 0.881812
2 0.110376 0.127882 0.462075 0.131587 0.461367 0.315892 0.106837 0.308482
2 0.547701 0.189009 0.893739 0.178818 0.897278 0.358495 0.549115 0.369609
1 0.688592 0.0985519 0.75582 0.0985519 0.75582 0.122477 0.688592 0.122477
0 0.546326 0.423838 0.575241 0.423304 0.574841 0.402283 0.898036 0.397555 0.899644 0.44327 0.664774 0.450099 0.665173 0.468492 0.547137 0.47427
3 0.234521 0.649749 0.32445 0.650392 0.32445 0.672259 0.233539 0.671616
3 0.612402 0.147253 0.822928 0.141078 0.824106 0.171178 0.612402 0.171178
3 0.107616 0.369532 0.45731 0.372618 0.456723 0.400405 0.106437 0.394231
