5 0.0845091 0.734846 0.336978 0.734761 0.336949 0.755915 0.0848031 0.754649
5 0.0864491 0.69084 0.305703 0.689957 0.305996 0.710727 0.0858407 0.710639
5 0.0876337 0.615064 0.379571 0.615743 0.380482 0.63494 0.0876337 0.63641
5 0.0880776 0.591717 0.284303 0.592785 0.285215 0.614323 0.0880776 0.613064
5 0.0881864 0.453104 0.326749 0.452075 0.327366 0.473114 0.0881864 0.47445
5 0.0889477 0.430882 0.306114 0.430383 0.306731 0.451154 0.0889477 0.452229
5 0.549153 0.60618 0.735273 0.607335 0.735538 0.626532 0.549153 0.625299
5 0.547907 0.628701 0.814403 0.627146 0.814668 0.647149 0.547907 0.647821
5 0.547493 0.652301 0.773692 0.651026 0.773751 0.672373 0.547493 0.671421
5 0.547701 0.674008 0.73445 0.674638 0.73448 0.693258 0.547701 0.693128
5 0.547284 0.696794 0.726543 0.697136 0.725985 0.715258 0.547284 0.715914
5 0.548031 0.71879 0.833098 0.715872 0.833774 0.738831 0.54853 0.737909
5 0.548119 0.742632 0.75582 0.741096 0.75629 0.760561 0.548295 0.76202
5 0.548325 0.764093 0.719077 0.763901 0.718489 0.783059 0.54853 0.783482
5 0.547904 0.786937 0.750852 0.784557 0.750705 0.804828 0.547904 0.806056
5 0.547792 0.808913 0.760905 0.807362 0.761376 0.828439 0.547792 0.828032
5 0.547378 0.830344 0.730364 0.829898 0.730835 0.849325 0.547378 0.849463
5 0.547472 0.314974 0.707437 0.314168 0.708113 0.335015 0.547275 0.335749
5 0.547257 0.337465 0.728189 0.336935 0.72866 0.357782 0.547058 0.358239
5 0.54953 0.360201 0.71749 0.360239 0.718607 0.379973 0.549324 0.380664
5 0.549001 0.382738 0.732745 0.382239 0.733451 0.403316 0.548795 0.403815
3 0.58119 0.280217 0.871908 0.278927 0.871417 0.301456 0.581684 0.302742
5 0.547792 0.854762 0.749059 0.851859 0.749559 0.872399 0.547792 0.873881
5 0.548736 0.583148 0.84806 0.583762 0.84853 0.603227 0.548736 0.602536
5 0.548119 0.56146 0.772869 0.560995 0.773339 0.581535 0.548119 0.580579
5 0.547287 0.538129 0.783245 0.538728 0.783921 0.557386 0.547287 0.557248
5 0.547031 0.515124 0.747472 0.515999 0.748148 0.535733 0.547031 0.534243
5 0.547178 0.493616 0.756143 0.492311 0.756614 0.513964 0.547178 0.512736
5 0.547399 0.471648 0.83883 0.471694 0.839095 0.489508 0.547002 0.490237
5 0.546825 0.449887 0.726014 0.449733 0.726484 0.469467 0.546884 0.469352
5 0.547825 0.428041 0.73348 0.426467 0.733951 0.448888 0.547619 0.448504
5 0.548383 0.405236 0.700147 0.40608 0.700617 0.425277 0.548677 0.426006
5 0.0899412 0.516229 0.321943 0.516767 0.322763 0.540901 0.0907643 0.544118
3 0.0895326 0.311945 0.441843 0.308728 0.442337 0.335115 0.0890388 0.337046
3 0.0894474 0.491312 0.440267 0.490667 0.441252 0.515124 0.0899265 0.514479
3 0.0899177 0.564028 0.442237 0.563391 0.442731 0.585275 0.0894474 0.585912
3 0.103733 0.659281 0.429427 0.659285 0.429427 0.685031 0.103721 0.681814
1 0.232072 0.0986119 0.298889 0.0986119 0.298889 0.123325 0.232072 0.123325
1 0.690914 0.10247 0.758912 0.10247 0.758912 0.127184 0.690914 0.127184
5 0.0875926 0.409225 0.415256 0.407655 0.415873 0.427081 0.0875955 0.427312
5 0.0884215 0.386869 0.315344 0.386654 0.31555 0.407424 0.0884186 0.408227
5 0.0889095 0.364332 0.325397 0.364655 0.326014 0.38435 0.0889065 0.38569
5 0.0895414 0.341285 0.42863 0.340237 0.42863 0.361314 0.0895385 0.362647
5 0.0892357 0.27313 0.352058 0.270746 0.352499 0.289981 0.089565 0.292016
5 0.0894415 0.250885 0.340888 0.248747 0.341064 0.268212 0.0894474 0.269978
5 0.0897413 0.228591 0.292152 0.227554 0.292769 0.248363 0.0897384 0.249949
5 0.0897384 0.205674 0.293034 0.204288 0.293915 0.225865 0.0897413 0.22694
5 0.0899882 0.182558 0.348883 0.181828 0.349265 0.202445 0.0897413 0.202752
5 0.0902646 0.159772 0.305526 0.159368 0.306408 0.180945 0.0902646 0.181586
5 0.0902587 0.136348 0.310852 0.134068 0.311611 0.157526 0.0902587 0.158159
5 0.547769 0.208438 0.738683 0.206784 0.738948 0.227324 0.548007 0.228303
5 0.547769 0.230587 0.796767 0.227285 0.797766 0.248478 0.548007 0.250448
5 0.548266 0.185667 0.752646 0.185629 0.753645 0.204864 0.548765 0.206169
5 0.549762 0.162697 0.774339 0.161058 0.774838 0.180945 0.55 0.182558
5 0.549394 0.139734 0.755032 0.138107 0.755529 0.159269 0.549394 0.161872
5 0.0859788 0.845613 0.292563 0.846446 0.293445 0.866986 0.0859583 0.865009
5 0.0854791 0.821847 0.310523 0.824293 0.310905 0.844833 0.0854615 0.841243
5 0.0852646 0.80024 0.374662 0.800873 0.374721 0.822642 0.0852469 0.819636
5 0.0852616 0.778406 0.328748 0.779873 0.32963 0.799453 0.085244 0.797802
5 0.0850941 0.757298 0.362992 0.756415 0.362346 0.777991 0.085388 0.777101
5 0.0857055 0.712578 0.337566 0.712493 0.338448 0.732841 0.085097 0.732377
