0 0.554035 0.711488 0.583587 0.709735 0.583587 0.693089 0.893741 0.684766 0.897313 0.847718 0.722264 0.847279 0.72259 0.870935 0.554035 0.871809
0 0.109166 0.81101 0.138721 0.810571 0.138721 0.796555 0.451796 0.80006 0.450822 0.869706 0.107867 0.861823
0 0.111393 0.51995 0.141348 0.51995 0.141802 0.502298 0.455605 0.50987 0.454672 0.557178 0.231593 0.550238 0.231125 0.569792 0.110937 0.567269
0 0.11187 0.251879 0.143204 0.251879 0.143672 0.232325 0.457476 0.238002 0.456074 0.487162 0.183892 0.484008 0.18436 0.499776 0.11 0.497885
0 0.550857 0.235325 0.581705 0.235333 0.581705 0.218687 0.891859 0.214308 0.896176 0.662555 0.826028 0.664835 0.827164 0.683757 0.554423 0.69208
0 0.114209 0.120043 0.457944 0.126983 0.457944 0.146537 0.413047 0.146537 0.412581 0.167354 0.112807 0.161677
0 0.114677 0.1806 0.143672 0.179968 0.144606 0.164832 0.455605 0.171137 0.455137 0.215294 0.287713 0.21214 0.286779 0.234216 0.114209 0.229802
1 0.688298 0.090841 0.752581 0.090841 0.752581 0.112402 0.688298 0.112402
1 0.249258 0.0878523 0.316905 0.0878523 0.316905 0.108227 0.249258 0.108227
0 0.549877 0.128886 0.891859 0.120563 0.892182 0.212555 0.551176 0.216935
0 0.110794 0.58762 0.143267 0.588044 0.143267 0.569649 0.453421 0.573589 0.451471 0.778157 0.435882 0.777718 0.436208 0.796555 0.108909 0.793482
