0 0.0823135 0.668078 0.11461 0.668584 0.115185 0.653374 0.445418 0.654389 0.446203 0.925622 0.0819518 0.924357
0 0.555036 0.828677 0.584759 0.829042 0.585308 0.814074 0.914717 0.811883 0.912241 0.912998 0.554487 0.916282
1 0.231436 0.0556831 0.298486 0.0556831 0.298486 0.0727153 0.231436 0.0727153
1 0.700314 0.0550544 0.768791 0.0550544 0.768791 0.0752372 0.700314 0.0752372
0 0.552011 0.204993 0.585308 0.207549 0.585308 0.19331 0.91279 0.186012 0.91334 0.257556 0.744097 0.258653 0.744097 0.273252 0.581565 0.279457 0.55311 0.27734
0 0.554038 0.45832 0.584997 0.459536 0.584997 0.44372 0.748508 0.442504 0.916147 0.440071 0.91546 0.538017 0.677417 0.545013 0.677874 0.558702 0.554725 0.559007
0 0.553348 0.574826 0.585227 0.574521 0.584307 0.560833 0.827398 0.555964 0.917064 0.555663 0.91546 0.574216 0.896425 0.574216 0.897572 0.586383 0.866155 0.589121 0.859044 0.589121 0.855146 0.586993 0.736584 0.588816 0.73452 0.591859 0.726952 0.591859 0.555182 0.591252
0 0.555412 0.292234 0.585684 0.29406 0.584767 0.279762 0.913166 0.270943 0.912249 0.4279 0.712961 0.4279 0.713191 0.442504 0.554038 0.441287
0 0.554818 0.091652 0.635449 0.091652 0.752956 0.0883676 0.912572 0.088003 0.913121 0.167942 0.82726 0.170133 0.82781 0.184732 0.627468 0.192399 0.55399 0.190208
0 0.0838418 0.549696 0.115376 0.549443 0.114801 0.536008 0.445036 0.537276 0.445418 0.64197 0.206153 0.638164 0.206534 0.652615 0.0846074 0.652362
0 0.0838418 0.430556 0.115185 0.42777 0.11461 0.414082 0.444655 0.414082 0.445609 0.516744 0.308012 0.514464 0.307246 0.528152 0.0838418 0.528658
0 0.0878547 0.394308 0.116332 0.394814 0.116904 0.381635 0.215707 0.380873 0.449431 0.381888 0.44924 0.39811 0.334002 0.397098 0.333811 0.413319 0.0863264 0.412308
0 0.0844616 0.295793 0.114184 0.295269 0.115373 0.28318 0.444285 0.281603 0.445079 0.367806 0.17196 0.366705 0.17212 0.380371 0.0838278 0.380107
0 0.116957 0.260051 0.407431 0.259527 0.407431 0.278449 0.114975 0.27477
0 0.084857 0.0997311 0.112995 0.100784 0.112995 0.0892194 0.447457 0.0907965 0.447058 0.143359 0.187496 0.14231 0.187098 0.155451 0.084857 0.155976
0 0.084857 0.170694 0.115373 0.170694 0.115373 0.158077 0.446268 0.161756 0.446663 0.247963 0.25843 0.245333 0.25843 0.25795 0.0844616 0.256373
0 0.554725 0.606462 0.584537 0.606157 0.584537 0.593075 0.68682 0.594291 0.742776 0.593075 0.847577 0.589426 0.876475 0.590947 0.913166 0.589426 0.913856 0.705624 0.884501 0.706234 0.885418 0.721443 0.749655 0.722965 0.612285 0.726919 0.607701 0.726919 0.554495 0.725397
0 0.584882 0.727101 0.609767 0.727685 0.6456 0.726658 0.71074 0.724754 0.832283 0.722846 0.913239 0.722258 0.91346 0.738543 0.585104 0.740451
0 0.557019 0.762936 0.583988 0.763301 0.584812 0.746875 0.913396 0.744319 0.913396 0.797246 0.688287 0.797246 0.687737 0.813307 0.55399 0.813307
