4 0.0992531 0.76617 0.168053 0.766843 0.168053 0.77494 0.446824 0.782361 0.446824 0.803949 0.131869 0.798552 0.133397 0.812043 0.449369 0.820136 0.448861 0.860612 0.395859 0.858589 0.395859 0.877477 0.0941558 0.87343 0.0967044 0.83093 0.125243 0.828907 0.126263 0.812716 0.0987416 0.811369 0.100273 0.792478 0.125243 0.793828 0.125243 0.77494 0.0997617 0.77494
0 0.101104 0.603177 0.130061 0.602454 0.130613 0.581293 0.450366 0.589683 0.448713 0.704617 0.327425 0.702428 0.327425 0.721039 0.0989131 0.71885
6 0.17796 0.474025 0.344185 0.477656 0.343958 0.498844 0.319721 0.497933 0.319265 0.514882 0.332069 0.517001 0.332069 0.530923 0.376196 0.534558 0.37574 0.555138 0.174757 0.551503
0 0.538992 0.144478 0.886707 0.144478 0.886707 0.301054 0.5378 0.300004
0 0.101119 0.737457 0.131991 0.737457 0.132267 0.720308 0.44816 0.72432 0.446783 0.770297 0.100843 0.762634
0 0.53685 0.321015 0.570392 0.319211 0.571314 0.301573 0.885783 0.303397 0.885237 0.885955 0.53467 0.885955
0 0.100994 0.351805 0.134016 0.351597 0.135132 0.333859 0.449704 0.338079 0.450343 0.448936 0.396745 0.449571 0.397382 0.472163 0.100994 0.46562
1 0.245466 0.099605 0.309172 0.099605 0.309172 0.11782 0.245466 0.11782
1 0.677983 0.109287 0.742537 0.109287 0.742537 0.131772 0.677983 0.131772
0 0.102671 0.130037 0.451314 0.13573 0.450654 0.313933 0.228701 0.311744 0.22837 0.332324 0.100689 0.331447
