1 0.244795 0.0927805 0.313447 0.0927805 0.313447 0.11303 0.244795 0.11303
5 0.1376 0.146007 0.138168 0.126493 0.353561 0.13001 0.354135 0.148371
5 0.138743 0.235487 0.138456 0.217517 0.371368 0.22103 0.371655 0.240172
5 0.138168 0.166732 0.138168 0.149543 0.447187 0.152278 0.447187 0.172198
5 0.108299 0.19095 0.137307 0.189778 0.137019 0.171417 0.445751 0.173761 0.446613 0.217517 0.108012 0.216345
5 0.13903 0.257361 0.138456 0.239 0.288658 0.242126 0.288658 0.260878
4 0.106792 0.785234 0.172406 0.787404 0.172406 0.796627 0.298652 0.798252 0.29965 0.813445 0.442648 0.816161 0.444841 0.817244 0.44504 0.855765 0.250586 0.855765 0.250387 0.872857 0.105993 0.870687 0.106593 0.831895 0.130526 0.831079 0.131123 0.794457 0.106792 0.793912
0 0.139184 0.279231 0.138797 0.263458 0.446857 0.263985 0.446857 0.693018 0.420575 0.692492 0.420575 0.71247 0.104394 0.71247 0.107489 0.283963 0.13841 0.285015
1 0.689121 0.0815302 0.755705 0.0815302 0.755705 0.104031 0.689121 0.104031
0 0.557551 0.665914 0.59021 0.662873 0.59021 0.644616 0.899229 0.636035 0.899633 0.703858 0.717577 0.710702 0.717955 0.728595 0.558714 0.732793
0 0.559104 0.75327 0.591186 0.751692 0.591186 0.734867 0.90041 0.72856 0.901567 0.865259 0.559491 0.869468
0 0.558532 0.36971 0.588166 0.368395 0.588166 0.348676 0.894488 0.339913 0.897676 0.61437 0.833675 0.616254 0.834127 0.634569 0.557244 0.643374
0 0.554022 0.121278 0.895134 0.114268 0.897065 0.316255 0.690273 0.324581 0.690586 0.344281 0.555956 0.346486
0 0.106365 0.732975 0.136516 0.732975 0.135742 0.715623 0.444192 0.716676 0.44535 0.781346 0.106365 0.781872
