0 0.12387 0.139242 0.467143 0.140118 0.466814 0.161138 0.374661 0.159825 0.374661 0.179969 0.122883 0.178656
4 0.543074 0.857922 0.609812 0.856098 0.609812 0.858832 0.848883 0.855184 0.849111 0.874953 0.573244 0.878297 0.572557 0.860963 0.54376 0.862177
1 0.671608 0.0970638 0.741117 0.0970638 0.741117 0.122289 0.671608 0.122289
3 0.154583 0.671697 0.262009 0.672746 0.262009 0.695344 0.15419 0.69324
0 0.124993 0.336269 0.154612 0.337575 0.154941 0.316992 0.467605 0.32006 0.467605 0.341077 0.407048 0.339764 0.407377 0.360346 0.124646 0.360768
0 0.126964 0.831061 0.157902 0.82931 0.157573 0.812672 0.468592 0.813547 0.468921 0.884487 0.125648 0.881423
0 0.12658 0.537293 0.15538 0.537658 0.155654 0.520144 0.468592 0.521968 0.46914 0.542769 0.406058 0.541671 0.406058 0.56357 0.12658 0.562107
0 0.126635 0.446615 0.154283 0.446615 0.154612 0.430852 0.467934 0.431728 0.469579 0.497415 0.321475 0.496977 0.321146 0.51756 0.125483 0.518305
0 0.126032 0.582529 0.155928 0.583274 0.156202 0.56503 0.46914 0.565394 0.468866 0.589114 0.333928 0.586925 0.333928 0.606997 0.126032 0.607727
0 0.124661 0.379177 0.153622 0.380053 0.153951 0.362097 0.468921 0.363852 0.469579 0.408081 0.283954 0.406326 0.284283 0.427784 0.123674 0.427784
0 0.124661 0.290281 0.154941 0.290719 0.15527 0.27145 0.46925 0.274076 0.46925 0.294659 0.168762 0.295097 0.168762 0.31349 0.124332 0.31349
0 0.123016 0.200944 0.154283 0.200506 0.153951 0.182554 0.469579 0.183867 0.469908 0.250867 0.35669 0.248241 0.356361 0.267948 0.124332 0.268823
0 0.124935 0.629622 0.155928 0.629622 0.155654 0.61101 0.468866 0.61028 0.46914 0.633635 0.208312 0.632176 0.208038 0.653342 0.125483 0.652612
1 0.258889 0.101791 0.329189 0.101791 0.329189 0.127542 0.258889 0.127542
0 0.12703 0.718342 0.158297 0.717904 0.158297 0.700828 0.469645 0.701265 0.471027 0.811619 0.125977 0.810348
0 0.535633 0.135959 0.880554 0.128513 0.884075 0.805533 0.53942 0.810832
0 0.542179 0.829675 0.572895 0.828216 0.572346 0.811792 0.88419 0.806685 0.884739 0.851571 0.541905 0.855948
