5 0.552607 0.316318 0.779424 0.311749 0.780188 0.332597 0.552857 0.3352
1 0.232025 0.102409 0.301105 0.102409 0.301105 0.119444 0.232025 0.119444
5 0.0894768 0.137024 0.295115 0.135941 0.295115 0.159272 0.0892681 0.156831
5 0.0856349 0.316353 0.26552 0.316357 0.265961 0.337511 0.0854292 0.336156
5 0.085629 0.339411 0.286714 0.338855 0.286919 0.360316 0.0854203 0.359218
5 0.0893798 0.404503 0.443357 0.404122 0.443474 0.427619 0.0891711 0.424309
5 0.0875867 0.426383 0.333862 0.427542 0.333245 0.447353 0.087378 0.446186
5 0.0866138 0.447679 0.280629 0.450194 0.280864 0.469544 0.086408 0.467486
5 0.0863698 0.471421 0.236243 0.472807 0.236126 0.491466 0.0861611 0.491224
5 0.552869 0.338144 0.778954 0.33586 0.779688 0.354749 0.553116 0.35703
5 0.552243 0.361917 0.779071 0.356362 0.779571 0.37886 0.552493 0.380799
5 0.552607 0.38407 0.839006 0.37886 0.839506 0.398068 0.552857 0.402951
5 0.0866196 0.647156 0.256114 0.647156 0.256364 0.665712 0.0873663 0.667666
5 0.117528 0.668641 0.364045 0.668641 0.364791 0.689803 0.117778 0.690782
5 0.556049 0.826823 0.800941 0.823026 0.801146 0.84418 0.556349 0.845524
5 0.555379 0.851053 0.8796 0.843873 0.879835 0.865911 0.555467 0.868829
1 0.691243 0.097487 0.764189 0.097487 0.764189 0.116415 0.691243 0.116415
5 0.0894033 0.738401 0.442319 0.739276 0.440979 0.760308 0.163207 0.760749 0.163877 0.781781 0.100473 0.783094 0.102152 0.758557 0.0904086 0.758119
5 0.554368 0.162908 0.772425 0.158528 0.772425 0.182189 0.554368 0.183502
5 0.55269 0.238715 0.766723 0.234768 0.767393 0.256679 0.553028 0.261497
5 0.556382 0.507748 0.808657 0.504243 0.808992 0.525275 0.556046 0.52878
5 0.554703 0.583113 0.755653 0.57917 0.755988 0.603707 0.554703 0.605462
3 0.118539 0.374556 0.410126 0.376069 0.410708 0.398026 0.117381 0.397269
3 0.097672 0.529014 0.429259 0.531287 0.429259 0.553244 0.0959318 0.550215
3 0.0866549 0.710731 0.441432 0.709975 0.440273 0.732688 0.0872369 0.729659
3 0.0883951 0.79705 0.443172 0.798562 0.440852 0.820519 0.0883951 0.819006
3 0.570705 0.13378 0.888377 0.126965 0.888377 0.152707 0.569544 0.15422
3 0.571864 0.79705 0.891276 0.787962 0.891276 0.815221 0.570705 0.818246
5 0.551746 0.75142 0.747825 0.748698 0.748648 0.769315 0.551332 0.770125
5 0.553198 0.729716 0.781276 0.725931 0.782099 0.746279 0.552787 0.748421
5 0.0882422 0.181237 0.391299 0.182865 0.391299 0.203213 0.0880335 0.201044
5 0.554027 0.706919 0.763404 0.703125 0.764227 0.724011 0.553616 0.725624
5 0.0889653 0.160079 0.262404 0.160635 0.262404 0.181252 0.0887596 0.179886
5 0.554236 0.685215 0.797266 0.681165 0.797472 0.701244 0.554233 0.703663
5 0.555094 0.661535 0.761978 0.658551 0.762393 0.679982 0.555091 0.682697
5 0.553357 0.423787 0.587504 0.423461 0.586758 0.404579 0.905808 0.399696 0.905808 0.422159 0.881382 0.423135 0.880882 0.442669 0.553357 0.448205
5 0.0873986 0.847321 0.315679 0.849763 0.315888 0.870111 0.0867754 0.867128
5 0.0882305 0.823717 0.377578 0.827518 0.377995 0.849494 0.0882305 0.845966
5 0.0876161 0.5796 0.440817 0.580902 0.441064 0.600763 0.164885 0.600763 0.164885 0.62095 0.101825 0.621272 0.102072 0.598486 0.0871164 0.597833
5 0.0870076 0.624113 0.325632 0.62323 0.325985 0.645767 0.0867989 0.643916
5 0.0860523 0.293835 0.347178 0.294933 0.347795 0.314974 0.0858436 0.313638
5 0.0873163 0.555904 0.267607 0.556004 0.268225 0.576928 0.0871105 0.575711
5 0.0857055 0.49471 0.252381 0.494307 0.252587 0.51431 0.0854997 0.514517
3 0.557951 0.632744 0.905188 0.627446 0.90577 0.653944 0.55679 0.654701
3 0.602587 0.21025 0.854756 0.207221 0.855335 0.228422 0.604906 0.229938
3 0.552734 0.287481 0.905188 0.279154 0.905188 0.30414 0.552734 0.307169
3 0.555053 0.479798 0.908089 0.472984 0.908089 0.497213 0.553892 0.500999
3 0.56259 0.556273 0.895914 0.550971 0.895914 0.573688 0.562008 0.576713
5 0.0886567 0.204027 0.262096 0.20458 0.262096 0.225197 0.0884509 0.22383
5 0.0878277 0.226544 0.302822 0.227093 0.303028 0.24771 0.087619 0.246347
5 0.0870929 0.248524 0.334274 0.24963 0.334685 0.270247 0.0868871 0.268327
5 0.0866784 0.272397 0.30438 0.271859 0.304174 0.293551 0.0864697 0.292204
