0 0.0839875 0.382784 0.11353 0.382784 0.114098 0.369302 0.254984 0.375296 0.445297 0.385779 0.444161 0.435206 0.391897 0.436704 0.391329 0.449433 0.0839875 0.432211
0 0.10827 0.900499 0.108665 0.88698 0.444002 0.90154 0.444002 0.919742
1 0.70549 0.0414263 0.769165 0.0414263 0.769165 0.0566865 0.70549 0.0566865
0 0.555632 0.185518 0.58593 0.184893 0.58593 0.173657 0.917793 0.171164 0.919688 0.290358 0.697657 0.290358 0.698128 0.30721 0.554212 0.304713
0 0.555158 0.319692 0.583561 0.320939 0.583561 0.305959 0.919688 0.30721 0.919213 0.47758 0.789497 0.475083 0.789972 0.493181 0.552318 0.485693
3 0.714794 0.144807 0.761338 0.146327 0.759991 0.168637 0.715178 0.168637
0 0.582417 0.724206 0.913368 0.726374 0.913644 0.740818 0.582144 0.739372
1 0.235768 0.0392436 0.29862 0.0392436 0.29862 0.0588691 0.235768 0.0588691
2 0.546126 0.792259 0.913428 0.792259 0.913428 0.917904 0.546126 0.917904
0 0.0862085 0.449152 0.113331 0.448793 0.11388 0.435431 0.371136 0.449875 0.44127 0.449875 0.446203 0.450598 0.445927 0.584948 0.203468 0.571945 0.202099 0.589642 0.0807299 0.581694
0 0.555322 0.499822 0.584362 0.500545 0.584362 0.487542 0.919151 0.493682 0.919972 0.528355 0.81833 0.524019 0.818878 0.542799 0.553405 0.538104
0 0.555158 0.126229 0.555632 0.0738073 0.922053 0.0769297 0.923473 0.11125 0.897435 0.11125 0.896964 0.128727 0.554683 0.125604
0 0.0787362 0.600713 0.107367 0.600713 0.109006 0.586696 0.4485 0.599635 0.449318 0.689144 0.257893 0.67728 0.256257 0.694535 0.0779182 0.682671
0 0.0826271 0.697677 0.10906 0.698717 0.110244 0.686239 0.441633 0.704438 0.443212 0.781926 0.377327 0.781926 0.376933 0.799088 0.079077 0.784528
0 0.0814428 0.799091 0.110639 0.801169 0.111426 0.785568 0.444788 0.80221 0.444394 0.886459 0.238461 0.876059 0.238066 0.8927 0.0767112 0.886459
0 0.552556 0.740458 0.914192 0.742263 0.914192 0.773682 0.677211 0.771154 0.676663 0.791379 0.548995 0.789574
0 0.0851235 0.161115 0.114666 0.163362 0.115234 0.149135 0.269756 0.160366 0.366901 0.167105 0.447001 0.169352 0.447569 0.25098 0.178293 0.236004 0.177725 0.251729 0.0856916 0.247985
0 0.0845555 0.262216 0.112391 0.262216 0.112391 0.25098 0.336791 0.265959 0.447569 0.267457 0.448137 0.286177 0.361786 0.284679 0.361218 0.29891 0.0828515 0.280935
0 0.0879636 0.29891 0.112962 0.298161 0.114098 0.285428 0.291911 0.295914 0.448137 0.303402 0.447569 0.369302 0.160114 0.355076 0.159546 0.368554 0.0845555 0.364061
0 0.0885317 0.0764917 0.11637 0.0772405 0.11637 0.0660088 0.449273 0.0847283 0.448705 0.150632 0.379398 0.151381 0.379296 0.167427 0.0851235 0.146136
0 0.548174 0.707231 0.580227 0.706149 0.580775 0.690619 0.917478 0.689534 0.918026 0.709399 0.604882 0.706872 0.604882 0.721316 0.547898 0.721679
0 0.552829 0.553383 0.582692 0.55302 0.582965 0.539298 0.920494 0.542907 0.921315 0.610803 0.610912 0.606471 0.610364 0.624528 0.549815 0.62236
0 0.548995 0.635 0.581596 0.636445 0.581323 0.623446 0.918574 0.624888 0.918026 0.675812 0.627347 0.674367 0.627623 0.689174 0.548446 0.688811
