5 0.54618 0.676448 0.81859 0.671705 0.818311 0.695057 0.54618 0.693599
5 0.546459 0.652728 0.731598 0.651634 0.731598 0.673163 0.54618 0.670972
5 0.54618 0.628643 0.738569 0.627914 0.738848 0.649808 0.54618 0.649079
5 0.54489 0.556231 0.809074 0.554708 0.808842 0.575389 0.54489 0.575086
5 0.543961 0.535247 0.756098 0.534031 0.75633 0.554708 0.543961 0.552276
5 0.54489 0.512743 0.819994 0.509704 0.819763 0.530382 0.544424 0.531598
5 0.54465 0.49144 0.774222 0.489023 0.773524 0.507878 0.544181 0.507287
5 0.541173 0.468952 0.821853 0.46561 0.821155 0.48659 0.540938 0.48659
5 0.541636 0.446145 0.811164 0.443712 0.810932 0.46348 0.541404 0.46348
5 0.543495 0.423338 0.833937 0.420905 0.833703 0.442799 0.543031 0.441583
5 0.544192 0.400228 0.786535 0.398704 0.786303 0.419689 0.544192 0.419689
3 0.113339 0.662362 0.423996 0.663275 0.423764 0.685169 0.113574 0.684225
5 0.542565 0.328764 0.772363 0.326024 0.772131 0.345489 0.542334 0.346095
3 0.184905 0.638945 0.355916 0.640162 0.355916 0.65838 0.184905 0.656584
3 0.0961595 0.400711 0.445248 0.403266 0.444966 0.424067 0.303603 0.424067 0.303603 0.443773 0.23557 0.44268 0.235292 0.423338 0.0950454 0.42188
3 0.120973 0.283936 0.419874 0.287221 0.419874 0.310212 0.120695 0.306199
3 0.09365 0.194166 0.446083 0.194166 0.445526 0.216793 0.0933714 0.214602
5 0.0923395 0.756694 0.377854 0.760343 0.377854 0.781144 0.092618 0.775304
5 0.091504 0.78005 0.313448 0.782237 0.313448 0.801579 0.091504 0.797201
5 0.0940135 0.84902 0.387335 0.851211 0.387335 0.871646 0.093735 0.867994
5 0.542565 0.165765 0.766552 0.163026 0.766784 0.184904 0.542797 0.185529
5 0.542565 0.305347 0.769575 0.30413 0.769575 0.324505 0.542565 0.324808
5 0.543263 0.283449 0.762603 0.281627 0.762835 0.301698 0.543263 0.301698
5 0.541636 0.210466 0.877385 0.208033 0.877385 0.227494 0.541867 0.229624
3 0.118912 0.819936 0.423386 0.821758 0.423665 0.844749 0.117795 0.840736
3 0.595057 0.59952 0.842096 0.597698 0.842653 0.621053 0.595617 0.621418
5 0.545344 0.858543 0.785133 0.85745 0.785412 0.877156 0.545344 0.877885
5 0.544506 0.838107 0.761152 0.835187 0.761712 0.857085 0.544509 0.855259
5 0.545344 0.816214 0.771469 0.813294 0.771747 0.834458 0.545344 0.834823
5 0.0958253 0.246315 0.328921 0.247408 0.328364 0.268209 0.0958253 0.264924
3 0.619038 0.762642 0.823415 0.761184 0.823415 0.784539 0.619038 0.783442
3 0.125714 0.373342 0.36411 0.372977 0.36411 0.396698 0.125435 0.394142
5 0.093735 0.735894 0.302014 0.736259 0.301457 0.757788 0.093735 0.751952
5 0.542568 0.187974 0.798851 0.18614 0.799314 0.207427 0.542565 0.206211
1 0.682817 0.101841 0.750753 0.101841 0.750753 0.122649 0.682817 0.122649
1 0.238109 0.0967955 0.305564 0.0967955 0.305564 0.122649 0.238109 0.122649
5 0.0951275 0.712538 0.298669 0.715458 0.298669 0.732974 0.095406 0.730783
5 0.0959631 0.690645 0.382595 0.692103 0.382873 0.714729 0.0959631 0.709983
5 0.0932894 0.580109 0.359285 0.582296 0.359563 0.604923 0.0944034 0.599816
5 0.0943565 0.55833 0.393858 0.559666 0.39358 0.580101 0.0941249 0.576452
5 0.0941249 0.534913 0.281401 0.537043 0.281865 0.558937 0.0941249 0.554071
5 0.0945822 0.513418 0.325075 0.514531 0.325306 0.536126 0.0945822 0.53065
5 0.0959367 0.491624 0.23922 0.492384 0.239027 0.512152 0.0961302 0.508856
5 0.0949897 0.468553 0.309962 0.470375 0.310519 0.490446 0.0952682 0.488988
3 0.601472 0.371811 0.837077 0.369255 0.837634 0.392247 0.601193 0.392976
3 0.55212 0.252845 0.885034 0.249561 0.885312 0.272552 0.551006 0.275108
3 0.541803 0.137164 0.892562 0.13388 0.892284 0.156507 0.54236 0.159791
5 0.546737 0.789938 0.788478 0.787747 0.788478 0.811836 0.546459 0.8122
5 0.545901 0.71951 0.847587 0.716226 0.848426 0.737391 0.54618 0.741404
5 0.0958253 0.222595 0.363495 0.224053 0.363216 0.247044 0.0961038 0.24303
5 0.0969393 0.155448 0.288493 0.155812 0.288772 0.176612 0.0972178 0.17479
5 0.0969393 0.131363 0.315816 0.132092 0.316652 0.154718 0.0972178 0.15326
5 0.0972208 0.313458 0.284588 0.314556 0.284031 0.337911 0.0963823 0.334991
5 0.0961038 0.445197 0.320557 0.446655 0.320836 0.468917 0.0961038 0.464904
5 0.545901 0.697248 0.753905 0.696155 0.754462 0.716226 0.546737 0.715493
