0 0.0721122 0.753004 0.114154 0.753764 0.114154 0.735596 0.42515 0.74468 0.424575 0.885453 0.0709611 0.871832
1 0.23021 0.0995013 0.296004 0.0995013 0.296004 0.124207 0.23021 0.124207
0 0.53976 0.852912 0.573164 0.852152 0.57201 0.837017 0.892223 0.830963 0.893374 0.87713 0.53976 0.880915
0 0.53976 0.739382 0.573164 0.740138 0.573739 0.722731 0.889918 0.716677 0.891069 0.810527 0.61175 0.815825 0.612325 0.832476 0.541487 0.834745
0 0.537455 0.314786 0.572585 0.313273 0.571434 0.298135 0.890494 0.29435 0.891648 0.698509 0.688346 0.700782 0.688346 0.718189 0.541487 0.721975
0 0.0870874 0.126326 0.43955 0.137682 0.430333 0.548653 0.244312 0.541842 0.243736 0.559249 0.0819018 0.555467
0 0.110716 0.560251 0.399071 0.568605 0.399468 0.589483 0.110716 0.580611
2 0.172676 0.585291 0.32083 0.585291 0.32083 0.726236 0.172676 0.726236
1 0.680543 0.10035 0.747511 0.10035 0.747511 0.121968 0.680543 0.121968
0 0.538606 0.140708 0.888767 0.133141 0.892223 0.270132 0.720599 0.273914 0.720599 0.292081 0.539182 0.295863
