5 0.131532 0.242672 0.49122 0.242338 0.49122 0.261868 0.131275 0.262194
3 0.164944 0.29782 0.394317 0.298453 0.393324 0.322414 0.163948 0.321152
3 0.162952 0.645895 0.372425 0.647158 0.371929 0.667336 0.161959 0.667336
3 0.165937 0.789668 0.493333 0.789035 0.492834 0.816783 0.241568 0.814258 0.241568 0.833178 0.130112 0.834437 0.131108 0.807954 0.164944 0.810475
3 0.592346 0.647158 0.804805 0.646528 0.804308 0.67049 0.588865 0.669857
3 0.586876 0.294666 0.837148 0.288991 0.837148 0.312956 0.589861 0.31926
3 0.587869 0.164139 0.816249 0.158464 0.816748 0.183058 0.586876 0.1881
5 0.556927 0.70323 0.920839 0.699976 0.920627 0.723566 0.627526 0.725193 0.627741 0.744174 0.588374 0.744715 0.587732 0.725193 0.557139 0.724107
5 0.555528 0.860593 0.792492 0.859541 0.792401 0.879186 0.555783 0.87914
5 0.555525 0.837276 0.842053 0.837134 0.841962 0.854976 0.555783 0.855823
5 0.556382 0.815045 0.875689 0.814228 0.87578 0.833182 0.556639 0.833589
5 0.555955 0.791728 0.746019 0.79136 0.74611 0.809623 0.556213 0.810272
5 0.555313 0.769766 0.777112 0.768722 0.776839 0.787446 0.555571 0.788309
5 0.555356 0.74798 0.800151 0.746698 0.800787 0.765883 0.555613 0.766527
5 0.555356 0.68164 0.811026 0.679695 0.811057 0.697881 0.555613 0.700184
5 0.55538 0.593787 0.811051 0.591841 0.811081 0.610028 0.555637 0.61233
5 0.55538 0.571011 0.817741 0.568091 0.818014 0.587582 0.555637 0.589554
5 0.130972 0.500684 0.407751 0.502211 0.408295 0.520705 0.131002 0.519792
5 0.131123 0.45636 0.448895 0.457473 0.449743 0.474816 0.131153 0.475468
5 0.130923 0.389023 0.494611 0.390903 0.494853 0.410203 0.131287 0.408514
5 0.131063 0.366193 0.407872 0.368073 0.407811 0.387757 0.131426 0.385685
5 0.131365 0.343533 0.373046 0.345025 0.372682 0.364708 0.131108 0.363055
5 0.13201 0.322457 0.373691 0.323949 0.373327 0.343632 0.131753 0.341979
5 0.130763 0.264147 0.379534 0.264477 0.379776 0.285312 0.130506 0.283669
5 0.131653 0.218776 0.38376 0.219098 0.38376 0.240573 0.131396 0.238298
5 0.131916 0.166214 0.393521 0.167174 0.393279 0.187049 0.131147 0.188338
5 0.132937 0.141988 0.467969 0.142967 0.467711 0.167043 0.132168 0.164116
5 0.131275 0.478488 0.400061 0.479612 0.401211 0.49849 0.131305 0.497596
1 0.277142 0.108603 0.345207 0.108603 0.345207 0.130397 0.277142 0.130397
1 0.700584 0.105879 0.770799 0.105879 0.770799 0.126763 0.700584 0.126763
5 0.55538 0.548561 0.856494 0.546297 0.857796 0.565789 0.555637 0.567105
5 0.555637 0.526437 0.847502 0.524504 0.848047 0.542998 0.555895 0.544981
5 0.55551 0.504797 0.836088 0.502864 0.836361 0.52105 0.555767 0.523345
5 0.555889 0.482029 0.838571 0.478768 0.83957 0.498605 0.556146 0.500577
5 0.555889 0.45958 0.751256 0.458931 0.751771 0.47777 0.556161 0.47942
5 0.55525 0.43713 0.90875 0.433569 0.90875 0.454365 0.555507 0.455674
5 0.55538 0.414849 0.813896 0.413234 0.814411 0.431421 0.555637 0.433393
5 0.555634 0.392557 0.83521 0.391248 0.835453 0.408476 0.555892 0.4111
5 0.555755 0.371078 0.788616 0.370107 0.788859 0.386682 0.55601 0.389621
5 0.555889 0.34831 0.844202 0.34605 0.844717 0.365886 0.556143 0.366857
5 0.556412 0.326178 0.814684 0.322599 0.815195 0.343421 0.55667 0.344722
5 0.555719 0.240477 0.905386 0.236245 0.905643 0.255767 0.555976 0.259347
5 0.556488 0.217702 0.900251 0.213147 0.900509 0.233644 0.556745 0.236898
5 0.13026 0.856341 0.454596 0.857423 0.454384 0.879658 0.13026 0.875864
5 0.130369 0.836547 0.384532 0.835733 0.384959 0.854442 0.130369 0.852002
5 0.130893 0.410022 0.493191 0.413145 0.493191 0.432668 0.209761 0.433059 0.209143 0.45219 0.164102 0.452539 0.164351 0.431068 0.131756 0.430715
5 0.128816 0.759728 0.339055 0.761279 0.339086 0.780156 0.128847 0.778836
5 0.128816 0.737083 0.365577 0.738334 0.365183 0.758324 0.128847 0.756191
5 0.130357 0.714046 0.358341 0.71585 0.358371 0.734727 0.130388 0.733154
5 0.131281 0.692571 0.342598 0.694094 0.342628 0.711361 0.131311 0.711679
5 0.131898 0.671487 0.341296 0.671111 0.34175 0.69137 0.131929 0.690595
5 0.129434 0.612534 0.419679 0.614594 0.419921 0.632666 0.129464 0.631641
5 0.130357 0.59028 0.425734 0.59234 0.425553 0.611793 0.130388 0.609387
5 0.130357 0.568026 0.384027 0.56956 0.384269 0.588438 0.130388 0.587133
5 0.131281 0.54538 0.384953 0.546915 0.385195 0.565793 0.131311 0.564488
5 0.131284 0.522931 0.384953 0.524465 0.385195 0.543343 0.131314 0.542038
5 0.556745 0.195252 0.809882 0.19102 0.810139 0.212495 0.557003 0.214448
3 0.163573 0.197665 0.442758 0.197665 0.442758 0.216934 0.163227 0.216934
