5 0.0836508 0.692295 0.30435 0.695524 0.304115 0.715872 0.0833862 0.711568
5 0.0847737 0.648185 0.287772 0.649145 0.288036 0.670799 0.0845091 0.667459
3 0.587111 0.732008 0.863624 0.730492 0.863624 0.754721 0.586529 0.755478
5 0.083157 0.716229 0.297384 0.717523 0.297149 0.739138 0.0828924 0.735502
5 0.0836508 0.738378 0.25776 0.740328 0.25826 0.75772 0.0833921 0.756683
5 0.0832687 0.759044 0.265344 0.759371 0.266108 0.779373 0.08301 0.77735
5 0.546814 0.477829 0.816667 0.476493 0.817931 0.497033 0.547014 0.497578
5 0.546414 0.499682 0.733392 0.500757 0.733598 0.51884 0.54662 0.520491
5 0.549859 0.573688 0.820097 0.573415 0.820312 0.594589 0.549442 0.594032
5 0.547989 0.596743 0.81261 0.596739 0.813668 0.615475 0.547575 0.617091
5 0.550897 0.666526 0.791017 0.664898 0.791017 0.686874 0.550897 0.68606
5 0.550273 0.689043 0.787069 0.68796 0.787278 0.707763 0.550273 0.707495
5 0.549921 0.760669 0.680573 0.759582 0.681196 0.782372 0.550129 0.780744
5 0.549506 0.783727 0.774668 0.782372 0.775085 0.805434 0.549297 0.804348
5 0.547842 0.807062 0.706955 0.805703 0.70716 0.826324 0.547842 0.82361
5 0.547842 0.826593 0.696984 0.828493 0.696984 0.849114 0.548051 0.848841
5 0.547637 0.850742 0.832413 0.849114 0.832831 0.873528 0.548051 0.872987
5 0.0875279 0.156658 0.329865 0.158716 0.330159 0.181214 0.0869988 0.175931
5 0.0892798 0.134194 0.304703 0.13591 0.304733 0.156143 0.0887507 0.153467
5 0.0880276 0.179774 0.307437 0.181483 0.306731 0.201716 0.0874985 0.199047
5 0.0885949 0.380307 0.311787 0.382008 0.311817 0.402663 0.0880658 0.399581
5 0.0876984 0.402967 0.262757 0.404698 0.262463 0.425699 0.0871693 0.42224
5 0.0868019 0.424843 0.355173 0.42735 0.354909 0.447583 0.0862728 0.444116
5 0.087478 0.446316 0.304618 0.448048 0.304647 0.468281 0.0872722 0.465359
5 0.0862111 0.468162 0.294356 0.47012 0.29371 0.489662 0.085682 0.487435
5 0.0850882 0.491266 0.259641 0.493962 0.259406 0.512236 0.0845591 0.51054
5 0.0841005 0.514314 0.23398 0.516383 0.234186 0.535733 0.0835714 0.533587
5 0.0845532 0.536451 0.310053 0.537653 0.309788 0.557578 0.0840241 0.555724
3 0.550412 0.639432 0.901649 0.636353 0.902322 0.65826 0.551082 0.659573
5 0.0817695 0.849229 0.282804 0.850515 0.282804 0.872476 0.0815109 0.867535
5 0.0823927 0.804452 0.290653 0.805442 0.290653 0.826405 0.082134 0.822757
5 0.548413 0.137753 0.740829 0.136755 0.740564 0.157065 0.548621 0.159541
5 0.0828895 0.781013 0.32478 0.781984 0.325309 0.80429 0.0828924 0.80095
3 0.168924 0.237521 0.363219 0.240565 0.363451 0.261866 0.167525 0.259432
3 0.180338 0.266123 0.352501 0.267951 0.352734 0.287424 0.179406 0.283469
3 0.152848 0.291075 0.37836 0.291075 0.378595 0.312678 0.151449 0.310552
3 0.101822 0.319965 0.433342 0.323636 0.433807 0.343109 0.295891 0.342195 0.295891 0.364106 0.230426 0.362581 0.229727 0.341892 0.101352 0.33824
1 0.230967 0.100988 0.300576 0.100988 0.300576 0.120342 0.230967 0.120342
1 0.691405 0.102086 0.757381 0.102086 0.757381 0.122899 0.691405 0.122899
3 0.56214 0.358128 0.890244 0.355045 0.890914 0.380899 0.561493 0.381356
3 0.551752 0.542144 0.901314 0.541707 0.901984 0.565806 0.549403 0.565368
5 0.0816461 0.825779 0.267225 0.828056 0.267725 0.848365 0.0813874 0.844088
5 0.549259 0.160701 0.741675 0.159702 0.741411 0.180012 0.549468 0.182489
5 0.548568 0.183537 0.764521 0.181176 0.764962 0.201485 0.548942 0.20352
5 0.547734 0.228195 0.727534 0.227404 0.727622 0.248175 0.547934 0.247944
5 0.547734 0.250578 0.766667 0.250014 0.767607 0.271245 0.547934 0.270327
5 0.547648 0.272731 0.763286 0.273088 0.763551 0.293167 0.547848 0.29248
5 0.547128 0.295336 0.721576 0.29524 0.721664 0.31509 0.547331 0.315086
5 0.546949 0.317266 0.750118 0.316472 0.750558 0.337012 0.547152 0.337016
5 0.546811 0.389238 0.792975 0.387345 0.794033 0.408422 0.547011 0.408987
5 0.546399 0.410949 0.720899 0.410956 0.72134 0.430421 0.546599 0.430698
5 0.54619 0.432522 0.789447 0.430613 0.790917 0.453342 0.54639 0.452271
5 0.547031 0.455454 0.76017 0.455991 0.761199 0.474343 0.546796 0.475456
5 0.0843533 0.559797 0.237478 0.561187 0.237478 0.579808 0.0838242 0.579071
5 0.0851176 0.581973 0.23254 0.582918 0.23254 0.602652 0.0845885 0.601246
5 0.0846267 0.603834 0.31261 0.605032 0.312346 0.624958 0.0840976 0.623107
5 0.0850323 0.626198 0.250147 0.627146 0.250412 0.64784 0.0845032 0.645471
5 0.548477 0.205693 0.728277 0.204902 0.728366 0.225673 0.548677 0.225442
5 0.0845385 0.669992 0.294503 0.672565 0.295767 0.693911 0.0842446 0.689918
