0 0.104841 0.414254 0.136551 0.414254 0.137236 0.396611 0.450471 0.402087 0.451589 0.582623 0.359717 0.581556 0.35933 0.602577 0.102285 0.599442
0 0.10201 0.767907 0.133769 0.767541 0.133769 0.750021 0.449422 0.754766 0.450517 0.844564 0.319382 0.842372 0.319382 0.864275 0.100095 0.862084
0 0.556525 0.142942 0.586421 0.142068 0.587077 0.125423 0.900159 0.121479 0.901473 0.168789 0.77762 0.168789 0.777949 0.189374 0.555869 0.193318
0 0.556854 0.27742 0.586092 0.27742 0.58675 0.259022 0.8995 0.258144 0.902458 0.347941 0.623544 0.351881 0.623873 0.37291 0.556196 0.373345
0 0.107213 0.189201 0.139792 0.189201 0.139518 0.170218 0.452161 0.177886 0.449971 0.380108 0.329786 0.376823 0.328966 0.397262 0.105298 0.393611
0 0.105719 0.724629 0.136369 0.72352 0.136369 0.704541 0.451476 0.709651 0.451202 0.733376 0.361681 0.730456 0.361681 0.751627 0.105719 0.747237
0 0.556196 0.393934 0.588065 0.393495 0.587735 0.374662 0.902787 0.371157 0.903541 0.50471 0.556297 0.506463
0 0.556306 0.527472 0.587562 0.526255 0.587562 0.508612 0.901528 0.50776 0.903899 0.685438 0.749746 0.686501 0.749746 0.705939 0.555006 0.71172
3 0.234486 0.657678 0.320765 0.661294 0.31907 0.680054 0.303475 0.679376 0.302458 0.700847 0.249232 0.698359 0.250081 0.678471 0.234145 0.677115
3 0.684769 0.232729 0.772236 0.232501 0.771898 0.251939 0.684598 0.25239
1 0.248446 0.0866975 0.312594 0.0866975 0.312594 0.107398 0.248446 0.107398
1 0.699578 0.0899288 0.761329 0.0899288 0.761329 0.110849 0.699578 0.110849
3 0.223481 0.120597 0.334055 0.1232 0.334544 0.144683 0.311597 0.144683 0.310867 0.16486 0.24667 0.163559 0.246912 0.143054 0.222747 0.142731
0 0.556436 0.730479 0.588183 0.728958 0.588755 0.712228 0.901534 0.709162 0.901932 0.866324 0.555009 0.871573
