1 0.688871 0.0958089 0.757782 0.0958089 0.757782 0.120001 0.688871 0.120001
3 0.688095 0.260037 0.688095 0.23942 0.760472 0.241046 0.760269 0.261124
0 0.551459 0.131804 0.896178 0.131172 0.8976 0.201202 0.834537 0.201834 0.835012 0.22076 0.550038 0.222655
0 0.552884 0.288266 0.583703 0.286375 0.583703 0.270604 0.897128 0.268077 0.8976 0.361451 0.739705 0.360192 0.739705 0.379118 0.550038 0.379749
0 0.10458 0.57728 0.137507 0.577646 0.138057 0.558296 0.453894 0.559756 0.452247 0.882512 0.101836 0.879954
0 0.10535 0.440437 0.138277 0.441169 0.138002 0.42474 0.455759 0.42328 0.454661 0.539016 0.374812 0.537556 0.374537 0.56129 0.10425 0.556544
0 0.105075 0.284537 0.135808 0.285266 0.135533 0.265188 0.453564 0.266648 0.452742 0.398814 0.296882 0.401738 0.296332 0.422548 0.105898 0.421816
0 0.1061 0.128553 0.452635 0.130132 0.453425 0.245272 0.394945 0.244744 0.394945 0.264725 0.105704 0.263674
0 0.582038 0.856224 0.896503 0.852206 0.896778 0.878494 0.581491 0.878494
0 0.548535 0.599916 0.580915 0.601014 0.581462 0.584218 0.896477 0.584218 0.896558 0.832198 0.820686 0.831578 0.820208 0.852384 0.549467 0.854907
0 0.549085 0.401665 0.582834 0.400205 0.582559 0.381949 0.898396 0.379391 0.901141 0.562676 0.773544 0.559025 0.773819 0.582026 0.549632 0.58166
1 0.245385 0.0958089 0.312183 0.0958089 0.312183 0.11831 0.245385 0.11831
