5 0.0938624 0.583908 0.293445 0.58215 0.293798 0.602805 0.0938624 0.60322
5 0.0935479 0.605205 0.283363 0.605339 0.283715 0.624113 0.0935479 0.624516
5 0.095435 0.236238 0.373039 0.237697 0.373319 0.25851 0.0948765 0.25851
5 0.0982305 0.309265 0.324115 0.308171 0.324115 0.331172 0.0979512 0.330078
5 0.549436 0.248397 0.837942 0.245768 0.837607 0.269429 0.549436 0.270742
3 0.0970841 0.210934 0.449735 0.20883 0.449735 0.229861 0.0954733 0.231965
3 0.130538 0.277603 0.413945 0.278655 0.413945 0.303894 0.131343 0.30442
3 0.12328 0.352254 0.426828 0.350691 0.425632 0.373293 0.122487 0.374879
3 0.113624 0.71325 0.432657 0.707552 0.432657 0.732968 0.113289 0.734719
3 0.54953 0.293275 0.904594 0.288541 0.904594 0.310624 0.549127 0.313254
3 0.548724 0.127644 0.902181 0.124492 0.902181 0.148676 0.548322 0.149202
3 0.108927 0.806141 0.436349 0.803073 0.436684 0.824105 0.108927 0.828489
5 0.549394 0.157249 0.792172 0.154646 0.792172 0.17711 0.549394 0.17711
5 0.0930306 0.628739 0.270165 0.628068 0.270312 0.647648 0.0930306 0.648051
5 0.092619 0.650781 0.250647 0.650105 0.250794 0.669954 0.092619 0.670092
5 0.0924133 0.672215 0.303616 0.670722 0.304174 0.69084 0.0924133 0.691527
5 0.0966138 0.740754 0.338145 0.738477 0.338395 0.762243 0.0963639 0.760288
5 0.0963257 0.763709 0.27572 0.763364 0.27622 0.783213 0.0952381 0.783213
5 0.0975367 0.834291 0.323366 0.83201 0.323862 0.854147 0.0972869 0.853825
5 0.0962904 0.857729 0.344053 0.855453 0.344562 0.876277 0.0965403 0.878565
5 0.547898 0.180039 0.803389 0.177759 0.803636 0.198594 0.548148 0.198921
5 0.549159 0.322023 0.9057 0.318115 0.906296 0.341166 0.549459 0.342729
5 0.549444 0.34552 0.851296 0.34259 0.851296 0.364731 0.549444 0.366033
5 0.548695 0.367661 0.773777 0.366033 0.774274 0.386869 0.548945 0.385894
5 0.551176 0.389149 0.77037 0.387614 0.770988 0.408461 0.551176 0.409344
5 0.551188 0.413836 0.808962 0.409494 0.808754 0.432011 0.551188 0.430928
5 0.551382 0.435259 0.79276 0.434184 0.792969 0.45426 0.551396 0.452904
5 0.550979 0.456974 0.793592 0.455346 0.794006 0.47569 0.551188 0.47569
5 0.551617 0.480025 0.844483 0.476236 0.844688 0.498212 0.552028 0.499298
5 0.551602 0.502009 0.733354 0.500922 0.733563 0.522898 0.551811 0.521543
5 0.552851 0.525597 0.726914 0.524253 0.726914 0.544874 0.553057 0.54406
5 0.552019 0.547316 0.741664 0.545416 0.741869 0.566578 0.552225 0.565495
5 0.551396 0.569019 0.81291 0.567937 0.81291 0.589095 0.551602 0.588554
5 0.551822 0.591556 0.739586 0.589909 0.739586 0.61053 0.551617 0.612442
5 0.551561 0.662348 0.764471 0.659365 0.765461 0.681779 0.55177 0.684052
5 0.55147 0.686194 0.758995 0.684313 0.759612 0.703394 0.551675 0.703394
5 0.551999 0.7085 0.83351 0.706235 0.833627 0.725777 0.552499 0.728311
5 0.551361 0.77487 0.790594 0.774843 0.790711 0.795882 0.55157 0.796573
5 0.551799 0.798078 0.788154 0.797572 0.788036 0.819072 0.552008 0.819782
5 0.552443 0.821014 0.831599 0.819417 0.831481 0.840111 0.552651 0.842722
5 0.584006 0.843823 0.807302 0.842464 0.807716 0.863085 0.584421 0.866613
1 0.238301 0.108997 0.306752 0.108997 0.306752 0.126443 0.238301 0.126443
1 0.688239 0.0926456 0.761699 0.0926456 0.761699 0.115539 0.688239 0.115539
3 0.552293 0.748122 0.905206 0.744186 0.905206 0.768286 0.552293 0.768739
3 0.568392 0.632452 0.891787 0.629822 0.891452 0.654797 0.566714 0.655238
3 0.551543 0.220186 0.902181 0.218083 0.902181 0.239114 0.551141 0.243322
5 0.0939683 0.514993 0.32575 0.513772 0.326308 0.536078 0.0939683 0.534305
5 0.0959906 0.14185 0.295647 0.140875 0.295897 0.162033 0.0959906 0.161384
5 0.124656 0.164313 0.422022 0.162686 0.422022 0.183848 0.124406 0.1845
5 0.0947678 0.379505 0.372369 0.379206 0.372781 0.40251 0.0944885 0.400318
5 0.0945914 0.40443 0.312875 0.403508 0.313228 0.423856 0.0945914 0.423741
5 0.0939594 0.425396 0.330511 0.424471 0.330453 0.44455 0.0939594 0.444707
5 0.0947913 0.447913 0.270694 0.448351 0.271046 0.467624 0.0947913 0.467225
5 0.0943798 0.4701 0.30435 0.468354 0.304086 0.49089 0.0943798 0.489412
5 0.0943798 0.492618 0.261964 0.492771 0.262728 0.513158 0.0943798 0.511929
5 0.0937625 0.539142 0.295209 0.537653 0.295561 0.55777 0.0937625 0.558454
5 0.0936537 0.560032 0.29759 0.558538 0.297942 0.578925 0.0936537 0.579343
