1 0.238431 0.0481366 0.305625 0.0481366 0.305625 0.0735821 0.238431 0.0735821
2 0.559213 0.146729 0.663898 0.147867 0.66361 0.12622 0.926336 0.131156 0.9223 0.392066 0.58978 0.392066 0.588916 0.369657 0.555461 0.368899
1 0.707417 0.0490101 0.780093 0.0490101 0.780093 0.0744555 0.707417 0.0744555
0 0.0898617 0.0790978 0.453932 0.0904899 0.453237 0.307419 0.14558 0.303319 0.14558 0.317447 0.0864014 0.317447
0 0.0877928 0.335537 0.118795 0.333953 0.118795 0.318447 0.453573 0.323509 0.453333 0.391237 0.308174 0.390602 0.308174 0.404528 0.087313 0.402629
0 0.0876376 0.418552 0.119275 0.420035 0.119517 0.403577 0.451169 0.407376 0.449054 0.710821 0.142659 0.707242 0.142444 0.72044 0.0831781 0.721232
0 0.0834942 0.739303 0.113136 0.739039 0.113336 0.723477 0.449797 0.729283 0.447392 0.865341 0.208665 0.862204 0.208064 0.875889 0.0804911 0.875629
0 0.0802907 0.892269 0.111733 0.892005 0.112134 0.877235 0.443988 0.882513 0.444189 0.9073 0.259534 0.902264 0.259534 0.915741 0.0802907 0.913868
0 0.560231 0.100421 0.592676 0.101053 0.592436 0.0858625 0.925529 0.0861784 0.925769 0.108966 0.70683 0.106119 0.70683 0.121942 0.559749 0.123209
0 0.557203 0.413296 0.588685 0.413612 0.588925 0.398422 0.923463 0.399054 0.920339 0.605081 0.661984 0.606033 0.661984 0.618376 0.55672 0.619956
0 0.55672 0.634831 0.586043 0.634831 0.586283 0.620591 0.920579 0.618692 0.920819 0.673445 0.596376 0.67566 0.595896 0.688951 0.554798 0.690215
0 0.555038 0.705725 0.583878 0.706673 0.584841 0.692114 0.921541 0.687052 0.919376 0.79687 0.591569 0.795922 0.591089 0.808265 0.554318 0.80763
0 0.555521 0.824088 0.584118 0.824088 0.584361 0.810481 0.917694 0.809213 0.918177 0.864282 0.735526 0.865549 0.735047 0.881056 0.553839 0.88074
0 0.554798 0.899093 0.584601 0.900361 0.58556 0.884219 0.918657 0.880104 0.918657 0.919982 0.554558 0.920934
