4 0.538434 0.782074 0.608085 0.781345 0.609465 0.791932 0.885583 0.78974 0.88807 0.876633 0.541749 0.874809 0.541749 0.85692 0.56773 0.854364 0.566626 0.833553 0.538986 0.832091 0.539538 0.813108 0.568285 0.812378 0.56773 0.791564 0.538434 0.791199
6 0.611825 0.552369 0.812732 0.550019 0.813176 0.572918 0.747838 0.574093 0.748282 0.586423 0.766949 0.587598 0.767838 0.610497 0.748282 0.609322 0.748282 0.629284 0.61138 0.629284
0 0.533923 0.139673 0.882839 0.133976 0.883836 0.224665 0.533923 0.227732
1 0.676315 0.10287 0.742383 0.10287 0.742383 0.124951 0.676315 0.124951
0 0.535368 0.358925 0.568957 0.357677 0.568823 0.341144 0.883752 0.335788 0.886949 0.5176 0.861479 0.518656 0.861479 0.538622 0.535914 0.542833
0 0.102412 0.418059 0.133508 0.419072 0.133891 0.398281 0.448634 0.40746 0.444162 0.695305 0.0979018 0.686913
0 0.53467 0.247571 0.56762 0.246094 0.56762 0.228769 0.884191 0.226189 0.88592 0.316705 0.70204 0.317972 0.702424 0.336479 0.534862 0.34003
0 0.0973264 0.816981 0.128038 0.818501 0.128806 0.800501 0.444737 0.809679 0.443124 0.876007 0.0953298 0.867792
0 0.539654 0.661895 0.569366 0.660678 0.569137 0.639987 0.885423 0.636305 0.887425 0.772458 0.537974 0.775107
1 0.24846 0.0981364 0.31612 0.0981364 0.31612 0.11864 0.24846 0.11864
0 0.0979018 0.706184 0.129381 0.706437 0.129765 0.688944 0.444162 0.697055 0.443394 0.786047 0.137251 0.779203 0.136675 0.798981 0.0961755 0.797967
0 0.106001 0.127492 0.455583 0.136694 0.450009 0.405348 0.101223 0.39549
