0 0.547478 0.5304 0.577796 0.529487 0.577796 0.512754 0.891476 0.507276 0.892614 0.572389 0.66693 0.577867 0.66693 0.599469 0.54725 0.601296
0 0.545367 0.350159 0.5771 0.350159 0.577374 0.332999 0.890595 0.328253 0.892839 0.484194 0.635202 0.489271 0.635202 0.509462 0.546817 0.511324
0 0.549688 0.847237 0.579506 0.846142 0.579235 0.82825 0.89273 0.821314 0.893276 0.870238 0.550237 0.874984
1 0.258515 0.0841277 0.320228 0.0841277 0.320228 0.110857 0.258515 0.110857
0 0.116233 0.118591 0.465557 0.126803 0.464613 0.148886 0.26513 0.141946 0.26513 0.164658 0.117175 0.162769
0 0.548391 0.621984 0.578937 0.62077 0.578937 0.603425 0.892614 0.598255 0.893299 0.801019 0.772753 0.803117 0.77314 0.82259 0.547045 0.826272
1 0.682735 0.0925015 0.750803 0.0925015 0.750803 0.115213 0.682735 0.115213
0 0.544044 0.130531 0.892008 0.124833 0.891678 0.303598 0.621514 0.308856 0.621514 0.327697 0.5447 0.330762
0 0.116967 0.180477 0.146181 0.181356 0.146511 0.16558 0.460006 0.173028 0.451438 0.780301 0.220009 0.774255 0.218862 0.792437 0.10541 0.793185
0 0.106034 0.811891 0.137493 0.812258 0.137767 0.794731 0.449486 0.803533 0.448365 0.871992 0.105049 0.85863
