1 0.239593 0.101844 0.305952 0.101844 0.305952 0.126829 0.239593 0.126829
0 0.0998256 0.291433 0.131604 0.291325 0.131604 0.271257 0.447501 0.278192 0.445844 0.457707 0.331726 0.45406 0.331726 0.475587 0.0990788 0.470844
0 0.544505 0.137381 0.890148 0.135069 0.892444 0.360987 0.837222 0.361868 0.837867 0.38069 0.542546 0.384141
0 0.126486 0.740277 0.127059 0.721528 0.441953 0.727863 0.442145 0.749401
0 0.100613 0.13318 0.44714 0.141062 0.446742 0.165231 0.172063 0.159453 0.172063 0.180468 0.100218 0.178368
4 0.0977448 0.744574 0.162156 0.745978 0.161802 0.755818 0.439271 0.762842 0.441218 0.861878 0.287832 0.859162 0.288326 0.877384 0.0921186 0.876026 0.0956931 0.773479 0.12574 0.772821 0.126271 0.756614 0.097213 0.754598
0 0.0982563 0.491582 0.129817 0.491836 0.130581 0.474606 0.445475 0.480688 0.443159 0.706021 0.295283 0.702524 0.294958 0.723097 0.0941732 0.720031
6 0.171877 0.185712 0.326443 0.188435 0.326443 0.2069 0.352281 0.208412 0.353194 0.228388 0.308608 0.227784 0.308378 0.244733 0.329186 0.246849 0.328957 0.264102 0.170732 0.261074
0 0.542624 0.518021 0.575859 0.516786 0.575461 0.499545 0.89091 0.496552 0.895298 0.878565 0.543822 0.887713
0 0.543583 0.404952 0.577082 0.404744 0.577082 0.387007 0.893249 0.383795 0.892325 0.470455 0.830526 0.473494 0.830526 0.493871 0.545243 0.499044
1 0.685818 0.101455 0.75188 0.101455 0.75188 0.124486 0.685818 0.124486
