0 0.10811 0.126368 0.45486 0.133376 0.454205 0.157018 0.35471 0.15439 0.353726 0.175407 0.10811 0.169712
1 0.247244 0.096127 0.315411 0.096127 0.315411 0.119769 0.247244 0.119769
0 0.105051 0.37064 0.137172 0.372102 0.137553 0.352146 0.453183 0.36 0.452805 0.383057 0.355322 0.380017 0.35475 0.401805 0.103781 0.394959
0 0.101486 0.415915 0.134779 0.416523 0.134779 0.398888 0.4506 0.40588 0.443212 0.810313 0.198514 0.804021 0.198499 0.824204 0.0968571 0.820833
0 0.0987128 0.841651 0.131206 0.841651 0.131778 0.823661 0.445128 0.831869 0.443815 0.881782 0.0987128 0.86866
0 0.542479 0.13351 0.886707 0.128469 0.889074 0.308779 0.84557 0.310672 0.84557 0.328954 0.542952 0.337151
0 0.543864 0.358449 0.574421 0.356929 0.574193 0.338078 0.884999 0.330478 0.890722 0.622722 0.837841 0.624031 0.838502 0.644614 0.54626 0.652063
5 0.108765 0.185912 0.138975 0.187228 0.13996 0.171028 0.453876 0.178909 0.452563 0.336962 0.283455 0.331267 0.282141 0.355348 0.101541 0.348783
0 0.542473 0.671965 0.577498 0.670869 0.576952 0.653722 0.891359 0.645329 0.894753 0.870588 0.546742 0.878138
1 0.678317 0.098228 0.748851 0.098228 0.748851 0.119242 0.678317 0.119242
