0 0.546987 0.642654 0.577564 0.642127 0.577564 0.624789 0.88486 0.622689 0.886793 0.685732 0.803584 0.688883 0.803584 0.710945 0.545828 0.714096
1 0.683195 0.0885081 0.748761 0.0885081 0.748761 0.110993 0.683195 0.110993
0 0.55006 0.82631 0.579732 0.824996 0.580054 0.807922 0.888381 0.80267 0.889672 0.872713 0.548447 0.877965
3 0.601542 0.777872 0.66452 0.775538 0.664235 0.757189 0.770343 0.75641 0.770057 0.775147 0.837059 0.775926 0.83677 0.797395 0.600971 0.798565
0 0.546673 0.553064 0.577581 0.553064 0.577581 0.533727 0.88478 0.53227 0.887199 0.620553 0.546134 0.622014
1 0.230565 0.0942213 0.297853 0.0942213 0.297853 0.116706 0.230565 0.116706
0 0.0956596 0.124535 0.434306 0.131121 0.435919 0.311044 0.213704 0.307544 0.213381 0.32768 0.0937264 0.326366
0 0.0934038 0.347381 0.123075 0.350447 0.124043 0.329432 0.434306 0.335998 0.43076 0.884841 0.0876956 0.874814
0 0.544672 0.124202 0.887187 0.124202 0.88751 0.233648 0.726896 0.236272 0.727219 0.257288 0.54564 0.259036
0 0.548221 0.279614 0.574666 0.279176 0.574666 0.261664 0.885251 0.26035 0.887479 0.508308 0.782144 0.509797 0.782693 0.526475 0.545286 0.532518
