0 0.541087 0.132618 0.885438 0.135245 0.88583 0.182044 0.540692 0.178365
1 0.680447 0.102216 0.746416 0.102216 0.746416 0.122843 0.680447 0.122843
1 0.244997 0.0919023 0.315877 0.0919023 0.315877 0.116282 0.244997 0.116282
0 0.105363 0.123787 0.45246 0.129566 0.45128 0.219485 0.18013 0.21475 0.178948 0.234734 0.103783 0.235258
0 0.541874 0.254082 0.573751 0.254082 0.572964 0.235153 0.882682 0.237257 0.885202 0.623367 0.736442 0.621264 0.73605 0.641768 0.538097 0.642295
4 0.538428 0.832638 0.609824 0.832638 0.609824 0.843056 0.885173 0.843707 0.884928 0.867147 0.611528 0.86324 0.611041 0.884079 0.537696 0.882773 0.539403 0.862917 0.570104 0.861938 0.571081 0.840775 0.538428 0.840451
0 0.538489 0.665431 0.569974 0.664903 0.569974 0.646503 0.887956 0.649658 0.887915 0.828593 0.536326 0.828593
0 0.542266 0.2015 0.57139 0.202552 0.570995 0.185199 0.88583 0.188879 0.88583 0.21149 0.863792 0.210438 0.8634 0.233574 0.541874 0.228315
0 0.103783 0.505004 0.135265 0.504477 0.136445 0.483969 0.446952 0.489755 0.447344 0.877283 0.0994521 0.867817
0 0.105358 0.263124 0.136445 0.264176 0.137627 0.246827 0.451675 0.253134 0.450888 0.456626 0.278515 0.45505 0.278123 0.471875 0.102996 0.470823
