0 0.54632 0.735191 0.578107 0.733365 0.578107 0.716022 0.888636 0.709936 0.891838 0.869064 0.546091 0.871803
1 0.681656 0.0955277 0.748937 0.0955277 0.748937 0.113756 0.681656 0.113756
1 0.238923 0.100744 0.305272 0.100744 0.305272 0.119885 0.238923 0.119885
4 0.0985292 0.830723 0.166013 0.832622 0.166013 0.838049 0.447169 0.837776 0.445944 0.860566 0.224936 0.859749 0.224936 0.880909 0.098121 0.877928 0.0987319 0.858936 0.127887 0.85758 0.1285 0.838319 0.0979155 0.838862
3 0.112102 0.436997 0.23075 0.435025 0.230481 0.412239 0.316135 0.411588 0.316624 0.436982 0.431126 0.438284 0.43088 0.462372 0.11209 0.458138
0 0.0970498 0.136885 0.446749 0.132505 0.44971 0.380485 0.204398 0.381803 0.204725 0.403271 0.0963926 0.405024
0 0.0973798 0.490019 0.12998 0.489141 0.130967 0.46899 0.447076 0.470304 0.448066 0.56231 0.189907 0.56275 0.189907 0.581152 0.0980371 0.581152
0 0.0977099 0.600428 0.128332 0.59955 0.128662 0.583779 0.443454 0.583779 0.444708 0.695459 0.279505 0.696203 0.279505 0.714824 0.0978402 0.715525
0 0.0989548 0.734166 0.129412 0.735264 0.129687 0.717371 0.446074 0.718834 0.444977 0.809743 0.213382 0.808283 0.212826 0.830619 0.0978576 0.827271
0 0.543622 0.148145 0.573257 0.147271 0.573257 0.128869 0.892003 0.127116 0.891642 0.690859 0.825651 0.691603 0.825651 0.709042 0.544545 0.715086
