5 0.546479 0.269748 0.814109 0.269402 0.814198 0.292092 0.546273 0.289021
3 0.125776 0.678519 0.349427 0.678827 0.349659 0.701037 0.126011 0.699516
3 0.58102 0.777473 0.777878 0.778053 0.778574 0.796919 0.580785 0.795733
3 0.126546 0.800996 0.359048 0.799472 0.35928 0.821686 0.126546 0.821383
3 0.581252 0.480463 0.794186 0.4811 0.794418 0.503587 0.58102 0.502707
5 0.0939242 0.448002 0.307995 0.45004 0.308025 0.4725 0.0941887 0.46881
5 0.0943445 0.471398 0.262681 0.472715 0.262681 0.492311 0.0940564 0.489109
5 0.0929218 0.492434 0.298178 0.494499 0.299059 0.514847 0.0926308 0.510144
5 0.092622 0.514271 0.284392 0.515692 0.285273 0.536693 0.092328 0.532009
5 0.0923751 0.53642 0.322781 0.538152 0.322928 0.558845 0.0920811 0.554158
5 0.0933568 0.558577 0.266432 0.559959 0.267078 0.580998 0.0933275 0.577581
5 0.0919871 0.581347 0.340094 0.582419 0.341476 0.603765 0.0919577 0.600352
5 0.0917431 0.604467 0.351058 0.605531 0.35144 0.626877 0.0917137 0.623472
5 0.0911229 0.626609 0.337978 0.628336 0.33836 0.648377 0.0910935 0.645613
5 0.0891005 0.707667 0.333921 0.706389 0.334098 0.730461 0.0890711 0.726672
5 0.0905056 0.73 0.289447 0.732112 0.289624 0.751884 0.0906526 0.74674
5 0.090241 0.753113 0.348207 0.752268 0.349588 0.772962 0.0907407 0.771196
5 0.0934215 0.827821 0.298942 0.828363 0.299412 0.851283 0.0944738 0.844948
5 0.092525 0.850481 0.269342 0.852589 0.268607 0.873935 0.092672 0.86722
5 0.548351 0.135123 0.764909 0.133169 0.765021 0.157641 0.548648 0.155529
5 0.547913 0.158908 0.745091 0.159906 0.745238 0.179179 0.547884 0.178642
3 0.580788 0.606161 0.755511 0.605827 0.755279 0.627768 0.58102 0.629288
5 0.54662 0.247941 0.747266 0.249169 0.747884 0.267329 0.546414 0.267214
5 0.54784 0.180907 0.79418 0.181444 0.795179 0.201409 0.54781 0.200641
5 0.547766 0.202944 0.743563 0.204403 0.743504 0.223446 0.54756 0.221104
5 0.546787 0.223749 0.794503 0.225673 0.794268 0.246059 0.546581 0.241909
5 0.546767 0.293014 0.736449 0.293282 0.736567 0.3134 0.546825 0.312287
5 0.546176 0.314982 0.805908 0.316241 0.806261 0.337665 0.546235 0.334255
5 0.547881 0.679103 0.758319 0.680282 0.758613 0.701705 0.547939 0.698376
5 0.0921517 0.13568 0.316734 0.135665 0.31699 0.157794 0.0919165 0.156489
5 0.091264 0.158462 0.279453 0.160405 0.280453 0.179909 0.0910288 0.179271
5 0.0911523 0.180945 0.272604 0.181905 0.27284 0.202714 0.0914168 0.201754
5 0.0914932 0.245779 0.258936 0.24629 0.258995 0.266868 0.0917578 0.266588
5 0.091555 0.268511 0.266255 0.269249 0.267019 0.291401 0.0918195 0.28932
5 0.0918989 0.291344 0.261229 0.292323 0.26164 0.314245 0.0921634 0.312153
5 0.0922457 0.313953 0.313845 0.316049 0.314256 0.335284 0.0925103 0.334762
5 0.0923457 0.336728 0.326132 0.337357 0.327131 0.358166 0.0926102 0.357537
5 0.0930923 0.358865 0.274544 0.359825 0.27478 0.380634 0.0933568 0.379674
5 0.0928748 0.381071 0.306937 0.381471 0.307319 0.404161 0.0931393 0.40188
5 0.0930188 0.403493 0.286743 0.405773 0.28739 0.425277 0.0932834 0.424302
5 0.0935097 0.425484 0.352028 0.426697 0.352263 0.449426 0.0937743 0.446293
5 0.545929 0.338252 0.750323 0.3392 0.750941 0.358665 0.545988 0.357525
5 0.546793 0.359898 0.782334 0.360854 0.782951 0.382584 0.546852 0.379171
5 0.547913 0.38316 0.806643 0.383813 0.80776 0.403892 0.547737 0.402779
5 0.547672 0.405316 0.740094 0.406272 0.740711 0.42639 0.547731 0.42459
5 0.546549 0.427607 0.690623 0.42758 0.690476 0.448696 0.546608 0.44688
5 0.547795 0.508347 0.728748 0.50832 0.728865 0.529091 0.547854 0.52762
5 0.546802 0.530665 0.72378 0.531625 0.724368 0.552395 0.546861 0.549938
5 0.546558 0.551647 0.70485 0.553893 0.704938 0.57401 0.546617 0.57092
5 0.549209 0.635831 0.792887 0.635093 0.79318 0.656286 0.549268 0.655104
5 0.548092 0.658033 0.732158 0.658935 0.732246 0.678477 0.548151 0.677306
5 0.547678 0.701901 0.759583 0.703087 0.75923 0.72451 0.547737 0.721174
5 0.546678 0.724687 0.798471 0.723973 0.799148 0.745665 0.546737 0.74396
5 0.549735 0.803868 0.734715 0.803484 0.735273 0.824907 0.549206 0.823141
5 0.54674 0.826723 0.791828 0.827134 0.791505 0.847751 0.546211 0.845996
5 0.546443 0.848216 0.731099 0.849786 0.731687 0.868867 0.545914 0.867489
1 0.691725 0.101649 0.75694 0.101649 0.75694 0.119947 0.691725 0.119947
1 0.238113 0.104805 0.302845 0.104805 0.302845 0.121839 0.238113 0.121839
3 0.119533 0.215971 0.418383 0.217434 0.418104 0.239341 0.119253 0.240803
