0 0.110795 0.126978 0.462108 0.133986 0.460778 0.181301 0.41886 0.178236 0.418529 0.198828 0.109465 0.197951
1 0.67914 0.0961663 0.743348 0.0961663 0.743348 0.117633 0.67914 0.117633
4 0.540339 0.788137 0.60988 0.788745 0.610342 0.795741 0.889889 0.793308 0.890813 0.850199 0.668561 0.853545 0.668792 0.870584 0.541956 0.878797 0.54057 0.817647 0.570605 0.817343 0.56945 0.797262 0.54057 0.796046
1 0.251977 0.0961663 0.316848 0.0961663 0.316848 0.117194 0.251977 0.117194
0 0.11033 0.215266 0.141751 0.214962 0.141982 0.199445 0.458725 0.203095 0.457108 0.425492 0.395883 0.423667 0.395883 0.445573 0.107096 0.443139
4 0.102699 0.825556 0.174088 0.826468 0.173857 0.829814 0.453635 0.834685 0.453404 0.855066 0.368383 0.853849 0.368383 0.874842 0.102006 0.869671 0.102699 0.848982 0.130424 0.850199 0.129731 0.831944 0.102699 0.831944
0 0.538412 0.5141 0.568629 0.512275 0.568629 0.494385 0.888006 0.488544 0.890673 0.783077 0.538079 0.785615
0 0.106643 0.462257 0.138249 0.462257 0.137693 0.445465 0.455962 0.449843 0.455643 0.828628 0.100933 0.824058
0 0.536471 0.242844 0.568629 0.241746 0.568076 0.222763 0.886064 0.21765 0.888006 0.466639 0.831728 0.466639 0.83145 0.487447 0.537301 0.491829
0 0.533807 0.131391 0.885632 0.129878 0.886781 0.194982 0.855164 0.194982 0.85574 0.215424 0.536105 0.222236
