3 0.282156 0.463005 0.30215 0.463647 0.302637 0.564039 0.282643 0.564039
1 0.237386 0.101976 0.306151 0.101976 0.306151 0.125788 0.237386 0.125788
0 0.581498 0.637074 0.769758 0.637512 0.770755 0.656791 0.582162 0.65548
1 0.688983 0.100688 0.755309 0.100688 0.755309 0.123211 0.688983 0.123211
5 0.548418 0.678996 0.580874 0.67825 0.581157 0.657395 0.897532 0.65851 0.898377 0.883455 0.54757 0.883455
3 0.11049 0.651562 0.110003 0.341374 0.0924446 0.343304 0.0939073 0.651562
3 0.601841 0.167959 0.835119 0.167959 0.835932 0.189948 0.602654 0.192094
2 0.310321 0.881559 0.310321 0.140195 0.445857 0.142048 0.447261 0.884339
2 0.122815 0.877853 0.122112 0.140195 0.245009 0.140195 0.243604 0.882486
0 0.548429 0.226429 0.579985 0.226429 0.579411 0.207504 0.898992 0.205989 0.899566 0.386937 0.63736 0.389209 0.63736 0.40738 0.547855 0.408895
0 0.546136 0.426309 0.580559 0.426309 0.581133 0.411925 0.897844 0.41041 0.899566 0.613316 0.806043 0.614073 0.807191 0.633756 0.547281 0.633756
