5 0.596523 0.864384 0.778887 0.859655 0.780119 0.884365 0.596112 0.884888
5 0.595148 0.462897 0.758204 0.459245 0.758442 0.476893 0.594909 0.479631
5 0.595861 0.438863 0.743468 0.436426 0.743942 0.455594 0.595622 0.458031
5 0.595148 0.416651 0.716371 0.415738 0.71661 0.433691 0.594909 0.435211
3 0.653417 0.261955 0.828881 0.261955 0.828881 0.285928 0.653417 0.285928
0 0.564205 0.321257 0.595258 0.321257 0.594766 0.30359 0.917601 0.3017 0.919573 0.367942 0.748544 0.369202 0.749528 0.391915 0.562235 0.393179
5 0.594539 0.395001 0.712426 0.393771 0.712901 0.412026 0.594539 0.412954
0 0.562844 0.54579 0.596932 0.54579 0.596112 0.527386 0.918947 0.522657 0.918538 0.790258 0.750546 0.791835 0.750546 0.812336 0.561611 0.815491
0 0.594799 0.484276 0.917634 0.480598 0.917634 0.501102 0.741429 0.501626 0.741429 0.52108 0.563581 0.525285 0.563581 0.506885 0.594799 0.505308
0 0.561611 0.836523 0.595703 0.835468 0.595291 0.817596 0.918126 0.811813 0.918947 0.834418 0.6339 0.841251 0.6339 0.861233 0.561611 0.86281
