2 0.601471 0.325501 0.876167 0.322338 0.876658 0.478059 0.600991 0.480263
1 0.238959 0.049025 0.303607 0.049025 0.303607 0.0721288 0.238959 0.0721288
1 0.704716 0.0544032 0.775371 0.0544032 0.775371 0.0781389 0.704716 0.0781389
0 0.0870223 0.0806701 0.453043 0.0876354 0.452803 0.124347 0.0865425 0.116753
0 0.0889472 0.131944 0.118027 0.131944 0.118267 0.118333 0.454245 0.125614 0.453285 0.242077 0.214157 0.239546 0.214157 0.25632 0.0867824 0.251889
0 0.0882247 0.268028 0.116825 0.267712 0.117784 0.251889 0.451843 0.256004 0.452563 0.343353 0.375659 0.342086 0.375899 0.354429 0.0860627 0.351263
0 0.0863026 0.364874 0.115622 0.36519 0.115622 0.350947 0.450161 0.354745 0.451121 0.407283 0.216802 0.405383 0.216559 0.421206 0.0853401 0.418359
0 0.0853429 0.429119 0.115143 0.430386 0.115622 0.419626 0.448959 0.422157 0.449198 0.440511 0.140375 0.437032 0.140375 0.450324 0.0848603 0.449056
0 0.0848603 0.466462 0.116345 0.466146 0.116345 0.450955 0.448959 0.451907 0.449198 0.586412 0.294186 0.587991 0.293946 0.601286 0.0836579 0.599703
4 0.0837539 0.606222 0.150807 0.607806 0.151287 0.618566 0.447612 0.619514 0.44641 0.903713 0.390415 0.903398 0.390415 0.918272 0.0784674 0.916693
0 0.559413 0.105012 0.587533 0.105643 0.587773 0.0901368 0.923031 0.0857026 0.922069 0.175267 0.642808 0.179701 0.642326 0.192677 0.557251 0.193624
0 0.558933 0.210399 0.587051 0.211346 0.58729 0.197423 0.920866 0.191725 0.921106 0.243627 0.844443 0.246162 0.844203 0.262616 0.557731 0.265151
0 0.558693 0.282241 0.586331 0.283505 0.587051 0.269582 0.920627 0.2642 0.921349 0.301862 0.641126 0.306293 0.641366 0.322115 0.556771 0.320216
0 0.555809 0.498081 0.586811 0.499345 0.58729 0.484154 0.922069 0.480675 0.921349 0.600937 0.620697 0.605999 0.620457 0.621194 0.554606 0.620558
0 0.555086 0.636384 0.586091 0.637016 0.586091 0.621194 0.918704 0.617079 0.917262 0.702845 0.635837 0.706643 0.635845 0.720582 0.555095 0.721213
0 0.555569 0.735126 0.585848 0.735126 0.586091 0.721834 0.919424 0.718351 0.916542 0.920268 0.553164 0.922799
