0 0.547042 0.384968 0.577552 0.384427 0.577169 0.363651 0.896224 0.360351 0.896795 0.451141 0.606903 0.455451 0.607282 0.471936 0.546294 0.474977
6 0.639133 0.573716 0.76828 0.571188 0.768596 0.590375 0.776995 0.591008 0.778103 0.62727 0.783808 0.62727 0.784443 0.647514 0.638657 0.6492
0 0.576656 0.86204 0.897497 0.85839 0.897222 0.886143 0.576383 0.883588
1 0.686639 0.09892 0.752604 0.09892 0.752604 0.120302 0.686639 0.120302
1 0.249153 0.100271 0.314695 0.100271 0.314695 0.119399 0.249153 0.119399
0 0.547883 0.679134 0.578524 0.677664 0.577976 0.660499 0.894695 0.655753 0.895302 0.835275 0.839832 0.836552 0.840299 0.85609 0.54817 0.860508
0 0.577976 0.544735 0.775858 0.540355 0.776407 0.560804 0.5777 0.562266
0 0.10431 0.556798 0.13587 0.555888 0.136099 0.538542 0.453097 0.543107 0.44953 0.742949 0.414353 0.742432 0.413576 0.764494 0.101337 0.760812
0 0.100513 0.778282 0.132303 0.779193 0.13299 0.764282 0.449985 0.767631 0.44953 0.882662 0.0986833 0.876272
0 0.547799 0.313488 0.577912 0.312219 0.577532 0.295988 0.895635 0.286352 0.896015 0.358376 0.54799 0.361166
0 0.547367 0.137922 0.893179 0.131609 0.893576 0.154747 0.730745 0.158429 0.73114 0.177885 0.546969 0.181567
0 0.544983 0.202594 0.578588 0.201548 0.577796 0.182092 0.894762 0.177361 0.894762 0.19892 0.789237 0.200499 0.789635 0.221005 0.544606 0.223625
0 0.545786 0.242565 0.578193 0.243094 0.578193 0.22679 0.894762 0.223637 0.895945 0.265178 0.656842 0.270438 0.656444 0.291473 0.546575 0.293576
0 0.546137 0.493245 0.576876 0.491787 0.576876 0.475718 0.89607 0.472068 0.896618 0.515523 0.789307 0.517348 0.788756 0.535972 0.545589 0.542547
0 0.109275 0.135317 0.456407 0.137509 0.456079 0.157229 0.197541 0.154601 0.19721 0.173004 0.1073 0.17432
0 0.109275 0.194039 0.138588 0.194039 0.138915 0.176948 0.456079 0.184399 0.452323 0.451009 0.167767 0.447853 0.167767 0.468054 0.103741 0.468714
0 0.106366 0.488024 0.136787 0.487719 0.136787 0.472199 0.451726 0.473418 0.451038 0.515716 0.28339 0.516935 0.282935 0.537017 0.10431 0.536411
