1 0.28115 0.11172 0.350353 0.11172 0.350353 0.128876 0.28115 0.128876
6 0.844109 0.332237 0.919795 0.33305 0.919472 0.391344 0.844429 0.391344
3 0.240085 0.721646 0.383092 0.724931 0.382802 0.747563 0.239511 0.745372
3 0.232908 0.782895 0.232334 0.763183 0.392853 0.766469 0.39228 0.78983
3 0.163702 0.786909 0.368732 0.791288 0.369019 0.811729 0.163128 0.807714
5 0.557841 0.614585 0.776842 0.614289 0.777083 0.632865 0.55808 0.633444
5 0.557355 0.592076 0.774215 0.592375 0.775634 0.609454 0.557594 0.610935
5 0.557458 0.569118 0.801842 0.569386 0.802325 0.588614 0.557699 0.587962
5 0.557708 0.546593 0.787732 0.545979 0.788216 0.565783 0.557947 0.565449
5 0.558807 0.813233 0.813421 0.81141 0.814378 0.832092 0.879707 0.832395 0.880423 0.853991 0.643518 0.855515 0.64304 0.833612 0.559284 0.832092
3 0.162554 0.809176 0.369306 0.81392 0.369019 0.83144 0.162268 0.82779
1 0.701205 0.106355 0.772132 0.106355 0.772132 0.127525 0.701205 0.127525
3 0.586935 0.247005 0.917494 0.243712 0.917965 0.266525 0.587503 0.267741
3 0.588436 0.429458 0.875595 0.42727 0.875595 0.449898 0.588436 0.44844
5 0.129529 0.85553 0.472111 0.858815 0.472111 0.88035 0.130106 0.874512
5 0.555649 0.141652 0.917811 0.139898 0.918207 0.161306 0.556129 0.163416
5 0.552597 0.164606 0.882699 0.164683 0.88285 0.181838 0.553077 0.186371
5 0.553092 0.187311 0.881039 0.186789 0.881431 0.20452 0.553572 0.209076
5 0.555079 0.211279 0.89067 0.208934 0.891304 0.227893 0.555559 0.233047
5 0.557132 0.276035 0.815574 0.274818 0.815574 0.294894 0.55737 0.294894
5 0.556664 0.299158 0.815106 0.297941 0.815106 0.318017 0.556902 0.318017
5 0.556902 0.32197 0.762953 0.320769 0.762711 0.339306 0.557141 0.34083
5 0.556298 0.343865 0.762346 0.342664 0.762104 0.361201 0.556537 0.362725
5 0.557476 0.501878 0.7875 0.501264 0.787983 0.521068 0.557714 0.520737
5 0.557255 0.367288 0.834632 0.364866 0.83439 0.38371 0.557494 0.386147
5 0.558077 0.479235 0.796226 0.479235 0.796226 0.498424 0.558315 0.498094
5 0.558318 0.457635 0.74837 0.457013 0.74837 0.476203 0.55856 0.476494
5 0.556751 0.524387 0.779106 0.524675 0.779831 0.542982 0.55699 0.543247
0 0.164644 0.675465 0.164076 0.656126 0.448361 0.658682 0.4475 0.680949
0 0.16465 0.653574 0.164937 0.633862 0.353312 0.634956 0.354173 0.654668
5 0.556525 0.768376 0.809251 0.768046 0.810187 0.786928 0.556292 0.788463
0 0.133635 0.606852 0.163499 0.606487 0.163499 0.587505 0.491721 0.591888 0.492008 0.61488 0.240172 0.613422 0.240172 0.629848 0.132488 0.631306
0 0.134665 0.205284 0.166917 0.206335 0.166917 0.188466 0.494414 0.188466 0.494414 0.213167 0.34638 0.211593 0.34638 0.233669 0.135079 0.231566
3 0.588647 0.651505 0.862883 0.649072 0.863122 0.672187 0.589127 0.671884
0 0.134251 0.143786 0.496069 0.145889 0.496069 0.171645 0.334801 0.169016 0.334801 0.186363 0.133838 0.186363
5 0.553179 0.389494 0.786051 0.387663 0.786292 0.406238 0.553418 0.408349
5 0.130393 0.832169 0.445118 0.835819 0.445682 0.855538 0.130393 0.85188
5 0.557841 0.746335 0.810568 0.746005 0.811504 0.764887 0.557609 0.766422
2 0.127959 0.238715 0.494112 0.237257 0.491667 0.580056 0.129076 0.575488
5 0.558185 0.723515 0.797283 0.723477 0.797494 0.741783 0.558424 0.742374
5 0.556555 0.701167 0.831552 0.70114 0.831522 0.719447 0.556793 0.720026
5 0.556944 0.680581 0.872856 0.679034 0.873309 0.698876 0.557183 0.69944
5 0.558916 0.857948 0.867663 0.856113 0.868327 0.877414 0.558937 0.87987
5 0.557723 0.791188 0.8375 0.790563 0.837711 0.809138 0.557488 0.811276
