0 0.582719 0.291567 0.821171 0.289812 0.821503 0.307336 0.581722 0.310843
0 0.54748 0.130829 0.899036 0.127561 0.901512 0.266003 0.870976 0.265895 0.87139 0.284862 0.549379 0.291729
1 0.689411 0.0945834 0.755466 0.0945834 0.755466 0.120063 0.689411 0.120063
0 0.105149 0.124289 0.461655 0.130829 0.444324 0.888454 0.0878176 0.879732
0 0.55287 0.851882 0.58537 0.849253 0.585038 0.830855 0.901763 0.829104 0.902095 0.868093 0.55287 0.874225
0 0.550548 0.623198 0.580396 0.622324 0.580396 0.606551 0.899441 0.60261 0.901763 0.802815 0.647057 0.807634 0.647057 0.826475 0.551541 0.829104
5 0.549883 0.487831 0.580064 0.488266 0.580064 0.47162 0.900769 0.468552 0.901763 0.512799 0.814872 0.511487 0.815204 0.532079 0.54889 0.53383
5 0.549883 0.555734 0.580728 0.554856 0.580728 0.536459 0.900105 0.534269 0.900437 0.578951 0.67558 0.582896 0.67558 0.602171 0.548558 0.60261
5 0.579732 0.327489 0.5794 0.312594 0.901098 0.310843 0.901098 0.445335 0.640755 0.449277 0.641087 0.46943 0.551212 0.470307 0.549222 0.334498 0.579732 0.335811
1 0.248837 0.0908769 0.315478 0.0908769 0.315478 0.117904 0.248837 0.117904
