3 0.640462 0.642147 0.670864 0.642525 0.671159 0.618302 0.750986 0.618302 0.751277 0.643699 0.779055 0.643306 0.779347 0.666749 0.639884 0.665587
0 0.539396 0.124101 0.883665 0.125993 0.885084 0.172687 0.838801 0.172687 0.838801 0.193509 0.538451 0.190987
0 0.536246 0.787768 0.565474 0.787262 0.566043 0.768495 0.881847 0.766723 0.882416 0.812873 0.536246 0.812618
0 0.535263 0.695769 0.568321 0.694194 0.567928 0.676315 0.880399 0.675789 0.881188 0.744673 0.760763 0.744148 0.760763 0.763602 0.535656 0.765178
0 0.538688 0.47682 0.56891 0.476191 0.56891 0.456628 0.882012 0.458524 0.886263 0.570205 0.731364 0.572097 0.731364 0.59229 0.537743 0.594182
0 0.538809 0.21206 0.569965 0.21133 0.570512 0.192706 0.883431 0.195629 0.884526 0.375646 0.798165 0.375283 0.798436 0.39719 0.537988 0.39719
0 0.107798 0.735613 0.1395 0.735247 0.1395 0.714436 0.452968 0.711513 0.453434 0.872473 0.106815 0.874373
0 0.107095 0.143787 0.137792 0.143158 0.137321 0.124857 0.450896 0.12612 0.45387 0.692931 0.337697 0.692174 0.33713 0.710347 0.105925 0.713278
1 0.245182 0.0907594 0.311853 0.0907594 0.311853 0.113809 0.245182 0.113809
3 0.666185 0.448642 0.666188 0.428704 0.757416 0.430264 0.758295 0.45019
1 0.67765 0.0915395 0.744902 0.0915395 0.744902 0.113419 0.67765 0.113419
4 0.535636 0.817642 0.607384 0.816962 0.606876 0.826686 0.882191 0.824199 0.88202 0.850423 0.597908 0.853589 0.598584 0.870774 0.53496 0.870774 0.536653 0.846581 0.561358 0.846581 0.561697 0.827589 0.535636 0.828265
