0 0.564915 0.584775 0.594593 0.584775 0.594434 0.568513 0.648207 0.567876 0.922179 0.564921 0.922338 0.581605 0.690971 0.584353 0.691608 0.599559 0.564277 0.601673
0 0.564705 0.499585 0.59515 0.499078 0.594766 0.485897 0.92315 0.481335 0.922822 0.563455 0.564436 0.567028
0 0.566235 0.383249 0.596297 0.383501 0.595916 0.371083 0.811326 0.369054 0.870685 0.369309 0.897108 0.36855 0.922957 0.369054 0.923723 0.429884 0.818411 0.434445 0.818601 0.450159 0.565088 0.452444
0 0.565782 0.0852599 0.715337 0.0883257 0.922794 0.0861374 0.923124 0.367313 0.603502 0.369942 0.591592 0.370379 0.564129 0.369065
0 0.0941035 0.876066 0.122361 0.876347 0.122691 0.860504 0.44981 0.860241 0.450476 0.913673 0.0927972 0.913673 0.0918098 0.876873
0 0.093421 0.82256 0.123206 0.822737 0.123471 0.809534 0.350985 0.810415 0.449807 0.809464 0.44958 0.845845 0.175662 0.843946 0.175438 0.857868 0.0923301 0.859926
0 0.0932587 0.250974 0.122778 0.250763 0.12214 0.236611 0.157069 0.2364 0.401536 0.236611 0.450204 0.238937 0.448705 0.616351 0.0917594 0.61274
0 0.0910406 0.628051 0.122476 0.627207 0.122954 0.613688 0.216778 0.614325 0.448305 0.616647 0.450062 0.793853 0.249488 0.793853 0.248691 0.809271 0.0918378 0.809271
0 0.0896056 0.0872223 0.447667 0.0889662 0.449972 0.219961 0.355373 0.220835 0.356031 0.235219 0.0913343 0.235656
0 0.565712 0.61561 0.594274 0.615825 0.594274 0.602518 0.617253 0.601673 0.710755 0.59977 0.920425 0.598082 0.923152 0.744409 0.769572 0.746245 0.76986 0.763755 0.564165 0.764855
0 0.564702 0.810845 0.595032 0.810845 0.594204 0.797341 0.923424 0.792598 0.923698 0.910848 0.563049 0.912674
1 0.236492 0.0550948 0.304627 0.0550948 0.304627 0.070231 0.236492 0.070231
1 0.707897 0.05478 0.774126 0.05478 0.774126 0.0692832 0.707897 0.0692832
0 0.565483 0.46638 0.594957 0.467395 0.594573 0.45371 0.684761 0.452695 0.921234 0.449148 0.921617 0.46638 0.654506 0.469676 0.654506 0.483616 0.564895 0.483616
