5 0.131617 0.194367 0.426429 0.198596 0.426175 0.220078 0.131872 0.213895
5 0.554782 0.471068 0.760442 0.473505 0.760442 0.494933 0.554782 0.490865
5 0.553928 0.49466 0.724918 0.496288 0.724918 0.517443 0.55414 0.513106
5 0.122138 0.817587 0.450597 0.828003 0.449827 0.84818 0.122138 0.837115
5 0.121884 0.840696 0.299079 0.845904 0.298568 0.868687 0.121884 0.861851
5 0.553286 0.131369 0.742253 0.131638 0.742038 0.154965 0.553286 0.151711
5 0.553286 0.154965 0.804316 0.155507 0.804528 0.179372 0.553286 0.17449
5 0.552644 0.177744 0.784624 0.180185 0.784624 0.2008 0.552644 0.195645
5 0.552214 0.200258 0.79126 0.202427 0.791475 0.221682 0.552429 0.217887
5 0.551572 0.221955 0.802601 0.22331 0.802601 0.245279 0.551787 0.240124
5 0.551787 0.243924 0.79768 0.246906 0.79768 0.266162 0.552214 0.262093
5 0.551787 0.266162 0.830424 0.268875 0.829994 0.289217 0.552002 0.285149
5 0.554997 0.449774 0.736902 0.451133 0.736902 0.47093 0.554355 0.467675
5 0.128035 0.310219 0.491181 0.315373 0.491181 0.33834 0.225294 0.33459 0.224924 0.357085 0.160209 0.355212 0.159839 0.334122 0.128776 0.332714
5 0.129515 0.356149 0.36175 0.360367 0.36175 0.381925 0.129146 0.374426
3 0.159709 0.460544 0.323537 0.463169 0.323537 0.487875 0.158879 0.484724
3 0.159294 0.491555 0.460824 0.496288 0.460409 0.520464 0.158879 0.512055
3 0.162768 0.278762 0.399279 0.280577 0.399279 0.306008 0.163483 0.302378
5 0.128035 0.378644 0.490073 0.382862 0.489334 0.408638 0.204585 0.403015 0.204955 0.423165 0.159839 0.422697 0.159839 0.402079 0.128404 0.40067
5 0.126608 0.522559 0.355681 0.528416 0.355167 0.548597 0.126608 0.541761
5 0.125324 0.545016 0.367492 0.551199 0.367238 0.570078 0.125581 0.563243
5 0.125324 0.567146 0.433492 0.573655 0.433749 0.594162 0.124555 0.587975
5 0.123876 0.63944 0.433555 0.645688 0.433555 0.668732 0.123259 0.659747
5 0.123346 0.663493 0.382293 0.670275 0.382081 0.690344 0.122704 0.681935
5 0.122747 0.686141 0.449064 0.693272 0.449322 0.715402 0.122405 0.704664
5 0.121626 0.707584 0.311663 0.712789 0.311408 0.733618 0.121369 0.72646
5 0.122396 0.730041 0.349416 0.735571 0.349158 0.756727 0.122138 0.749243
5 0.123168 0.75282 0.486036 0.759982 0.484237 0.802941 0.154497 0.793181 0.154755 0.772348 0.12291 0.771699
5 0.122653 0.796758 0.453165 0.804894 0.45265 0.825075 0.122138 0.814985
5 0.556593 0.385587 0.771602 0.388108 0.771602 0.412081 0.556093 0.412081
5 0.550615 0.782968 0.861872 0.783616 0.861599 0.804764 0.550357 0.803471
5 0.554022 0.845678 0.836057 0.847777 0.836057 0.869332 0.551118 0.867754
1 0.281239 0.0961011 0.347174 0.0961011 0.347174 0.116992 0.281239 0.116992
1 0.703377 0.0979204 0.76788 0.0979204 0.76788 0.116086 0.703377 0.116086
3 0.588195 0.302853 0.769031 0.303905 0.769446 0.329133 0.587783 0.327033
3 0.588156 0.330342 0.844476 0.334022 0.843646 0.358202 0.866045 0.359254 0.866875 0.383959 0.585666 0.381856
3 0.588985 0.427587 0.850285 0.426535 0.850285 0.447034 0.588156 0.447034
3 0.588159 0.582118 0.863141 0.58107 0.863141 0.603673 0.588156 0.603673
3 0.585251 0.672543 0.85526 0.668851 0.854846 0.690927 0.586069 0.691465
3 0.586496 0.734032 0.883465 0.731929 0.883465 0.755057 0.586081 0.755583
3 0.584836 0.820235 0.878901 0.820761 0.87973 0.843363 0.584007 0.842838
3 0.125463 0.609472 0.435842 0.616043 0.435842 0.638822 0.124082 0.633126
5 0.132386 0.126997 0.406142 0.130575 0.406142 0.152709 0.132386 0.147174
5 0.132129 0.150755 0.493716 0.154985 0.493716 0.178094 0.201981 0.173212 0.201723 0.194041 0.15858 0.193388 0.158837 0.170932 0.132386 0.170609
5 0.554437 0.694293 0.775088 0.696922 0.775088 0.718999 0.552777 0.719525
5 0.551572 0.760208 0.820194 0.76086 0.820709 0.782342 0.551317 0.780715
5 0.551959 0.632143 0.817753 0.634419 0.817753 0.654274 0.551959 0.652646
5 0.553243 0.608708 0.84215 0.610009 0.841893 0.633445 0.552986 0.629537
5 0.553286 0.539685 0.739685 0.541581 0.740327 0.561109 0.553071 0.55704
5 0.553713 0.516629 0.77371 0.516902 0.77371 0.539685 0.553928 0.536699
5 0.132386 0.240255 0.313692 0.243187 0.31318 0.263037 0.132386 0.258808
5 0.131617 0.216823 0.373016 0.221379 0.373271 0.24156 0.131617 0.237
