3 0.70775 0.216152 0.774697 0.216152 0.774697 0.245591 0.70775 0.245591
1 0.243169 0.121415 0.309708 0.121415 0.309708 0.14402 0.243169 0.14402
5 0.576028 0.455987 0.720325 0.453481 0.720654 0.469551 0.576028 0.47143
5 0.59353 0.55045 0.917932 0.544938 0.917932 0.562723 0.59353 0.566729
5 0.592748 0.569231 0.79858 0.565977 0.79897 0.581753 0.593139 0.584759
5 0.567899 0.58977 0.74712 0.584759 0.747514 0.601791 0.567899 0.605298
5 0.567117 0.6088 0.710534 0.604793 0.710337 0.620825 0.56692 0.623327
5 0.571811 0.627334 0.75749 0.621574 0.757884 0.639607 0.571811 0.643361
5 0.594118 0.531164 0.917932 0.525904 0.918126 0.543689 0.594509 0.549449
5 0.569072 0.645867 0.662205 0.644366 0.662596 0.660642 0.568681 0.661895
0 0.102984 0.143852 0.4539 0.157099 0.453408 0.184227 0.162608 0.176026 0.162608 0.199999 0.102477 0.198108
0 0.101984 0.22082 0.132543 0.222711 0.132543 0.202523 0.451928 0.217035 0.453408 0.294003 0.160143 0.283907 0.159651 0.311665 0.101492 0.30788
0 0.102477 0.334378 0.133035 0.334378 0.133527 0.31293 0.454885 0.328071 0.454393 0.350783 0.309487 0.348259 0.309487 0.376017 0.100504 0.3634
0 0.135992 0.379802 0.374545 0.391158 0.375533 0.414501 0.134023 0.405669
5 0.574924 0.342055 0.631271 0.341054 0.631271 0.358083 0.574727 0.358587
5 0.574727 0.322273 0.643599 0.321268 0.643808 0.338545 0.574724 0.339309
5 0.574727 0.304488 0.722059 0.300985 0.72245 0.318014 0.574336 0.320015
5 0.578248 0.286459 0.675491 0.284954 0.675491 0.301234 0.578445 0.301986
5 0.58322 0.264919 0.705506 0.262918 0.706091 0.281951 0.583611 0.2827
3 0.198687 0.465666 0.312543 0.468191 0.312543 0.446109 0.335709 0.446739 0.335709 0.471343 0.452519 0.475128 0.453014 0.499105 0.199672 0.494055
5 0.597443 0.6634 0.709752 0.659641 0.709937 0.678427 0.597443 0.680176
5 0.594509 0.683182 0.74399 0.68068 0.744578 0.696708 0.594703 0.698209
5 0.565357 0.701716 0.638335 0.69921 0.638532 0.717243 0.564572 0.717243
5 0.594703 0.417965 0.728144 0.415712 0.728535 0.431991 0.595488 0.434245
5 0.595291 0.398679 0.916756 0.394172 0.917147 0.413958 0.5949 0.416712
5 0.572116 0.512336 0.767496 0.509601 0.767496 0.526905 0.572247 0.52943
5 0.576028 0.493971 0.647932 0.492508 0.648421 0.508371 0.576353 0.509414
5 0.5788 0.474769 0.651683 0.4731 0.652172 0.490212 0.579126 0.490422
5 0.568365 0.437202 0.72587 0.433657 0.726359 0.451396 0.568204 0.452228
5 0.573551 0.380249 0.723879 0.37816 0.724369 0.394856 0.573551 0.396529
5 0.575345 0.361884 0.667792 0.360214 0.668117 0.376284 0.575181 0.376911
