0 0.546566 0.568127 0.577784 0.566372 0.577455 0.549722 0.890626 0.547971 0.891281 0.639107 0.711859 0.63823 0.71153 0.661891 0.545908 0.664958
0 0.106745 0.401101 0.137962 0.401539 0.138949 0.383573 0.453434 0.383138 0.453434 0.810601 0.423925 0.810601 0.424485 0.831019 0.106482 0.831019
0 0.108915 0.851875 0.142104 0.850998 0.142104 0.832596 0.455931 0.832158 0.455276 0.878599 0.10957 0.876848
0 0.547812 0.315005 0.57673 0.313689 0.577059 0.2966 0.893189 0.293095 0.89424 0.517737 0.794012 0.521243 0.793683 0.544027 0.547221 0.545343
0 0.544199 0.132733 0.894502 0.130101 0.894173 0.263738 0.751556 0.266805 0.75254 0.288277 0.545183 0.289589
1 0.24531 0.10009 0.313169 0.10009 0.313169 0.12072 0.24531 0.12072
1 0.682343 0.0982165 0.75161 0.0982165 0.75161 0.118842 0.682343 0.118842
0 0.10774 0.133499 0.453657 0.134757 0.4546 0.178293 0.294658 0.177662 0.295605 0.199115 0.10774 0.201639
0 0.109045 0.219267 0.139608 0.21839 0.139278 0.202617 0.455734 0.200427 0.454421 0.359915 0.150779 0.360789 0.151108 0.379633 0.106416 0.380945
0 0.544921 0.687304 0.577784 0.687742 0.577784 0.668902 0.89654 0.663203 0.898017 0.877549 0.545974 0.877549
