1 0.242667 0.098458 0.312635 0.098458 0.312635 0.121578 0.242667 0.121578
1 0.678677 0.0953067 0.744689 0.0953067 0.744689 0.117898 0.678677 0.117898
0 0.0917441 0.731951 0.126529 0.731951 0.126924 0.716191 0.441973 0.722494 0.441973 0.880121 0.0893732 0.872237
0 0.544257 0.359453 0.57491 0.358238 0.57491 0.341517 0.888996 0.329047 0.897229 0.779364 0.864518 0.780579 0.865432 0.800648 0.551576 0.814024
0 0.538749 0.138557 0.885026 0.126577 0.890244 0.305642 0.846605 0.307532 0.847078 0.325815 0.542545 0.340318
0 0.551988 0.832573 0.583558 0.830016 0.583282 0.813962 0.898418 0.801191 0.90034 0.877818 0.552812 0.88402
0 0.0984649 0.615835 0.12574 0.61636 0.126529 0.602173 0.445136 0.607955 0.445136 0.699902 0.363311 0.6978 0.363311 0.716716 0.0956965 0.713036
0 0.104669 0.128513 0.451344 0.135344 0.450551 0.160562 0.39442 0.156883 0.394025 0.178953 0.10388 0.172647
0 0.104275 0.18946 0.134318 0.18946 0.134713 0.175798 0.450157 0.182105 0.449762 0.247781 0.377028 0.246207 0.377028 0.267221 0.102693 0.26302
0 0.102525 0.279486 0.132722 0.281006 0.133407 0.2655 0.446805 0.269759 0.443604 0.586891 0.243212 0.581117 0.242754 0.601791 0.0972635 0.599053
