5 0.557793 0.399718 0.584966 0.399718 0.584966 0.380844 0.896134 0.375315 0.896853 0.39679 0.80283 0.399718 0.803312 0.42054 0.557793 0.423793
5 0.557793 0.443965 0.585928 0.443641 0.585928 0.426397 0.897816 0.420864 0.898055 0.46707 0.73574 0.468697 0.735979 0.488216 0.557793 0.491473
5 0.55683 0.511317 0.586648 0.511646 0.586648 0.492772 0.897336 0.489194 0.897816 0.510993 0.713858 0.512619 0.713858 0.533445 0.55683 0.536698
5 0.58761 0.55915 0.58761 0.538325 0.897087 0.533112 0.897087 0.554286
5 0.558766 0.626498 0.589292 0.625841 0.589295 0.606979 0.899018 0.600797 0.89974 0.621947 0.841545 0.623898 0.842027 0.644395 0.559714 0.648625
5 0.590737 0.669122 0.590497 0.650252 0.901182 0.64895 0.90022 0.669451 0.824714 0.6701 0.825194 0.690925 0.559714 0.693201 0.559475 0.672704 0.591216 0.672704
5 0.590497 0.715977 0.590254 0.696129 0.900942 0.693854 0.901182 0.715653
5 0.560765 0.7404 0.59022 0.740145 0.590017 0.71954 0.898018 0.717098 0.898018 0.73581 0.797824 0.736621 0.798024 0.757771 0.561965 0.761565
5 0.591362 0.784967 0.591159 0.765444 0.901568 0.763002 0.900965 0.782255
5 0.561653 0.804286 0.591376 0.805194 0.591211 0.787112 0.901316 0.784627 0.901316 0.804738 0.810306 0.806546 0.810805 0.825752 0.561819 0.828461
5 0.56287 0.850662 0.592304 0.849101 0.592593 0.832699 0.9002 0.829578 0.9002 0.853393 0.6151 0.8573 0.615388 0.877213 0.562293 0.876038
5 0.554894 0.194004 0.585714 0.193532 0.585366 0.176667 0.898055 0.170107 0.898401 0.195878 0.786899 0.196345 0.787593 0.216023 0.554549 0.221177
5 0.109929 0.828399 0.138324 0.828399 0.138672 0.813404 0.449974 0.814811 0.449974 0.854637 0.264369 0.857446 0.264369 0.881811 0.107853 0.883217
5 0.108655 0.469578 0.136913 0.469574 0.136913 0.451585 0.448144 0.452145 0.44773 0.497126 0.248275 0.494877 0.248275 0.515679 0.105748 0.517368
1 0.241376 0.10114 0.308278 0.10114 0.308278 0.120818 0.241376 0.120818
1 0.692062 0.0928755 0.757299 0.0928755 0.757299 0.118739 0.692062 0.118739
0 0.137447 0.429071 0.411482 0.429701 0.411482 0.447988 0.136982 0.447358
0 0.106222 0.134584 0.450631 0.137107 0.451565 0.406368 0.313612 0.406998 0.313147 0.426548 0.106222 0.426548
5 0.559223 0.584229 0.587379 0.582568 0.58737 0.562728 0.897336 0.557523 0.897576 0.57802 0.617427 0.584527 0.61815 0.603401 0.558995 0.606986
5 0.106162 0.541543 0.136913 0.539855 0.137744 0.519617 0.448144 0.519617 0.448975 0.634874 0.276531 0.63319 0.276114 0.654552 0.105331 0.655116
5 0.107824 0.674794 0.137744 0.673106 0.138158 0.656801 0.446899 0.65905 0.446482 0.682104 0.261156 0.68098 0.261571 0.698409 0.106993 0.701218
5 0.108655 0.719771 0.138575 0.718647 0.138575 0.702906 0.446899 0.702342 0.448935 0.811982 0.107159 0.811082
5 0.553855 0.147616 0.58329 0.147149 0.58329 0.131219 0.89667 0.126532 0.897362 0.148555 0.644926 0.153242 0.645271 0.171513 0.553855 0.17292
5 0.555934 0.240387 0.585366 0.240387 0.584674 0.222116 0.895631 0.216023 0.895977 0.238981 0.846805 0.240855 0.84715 0.261004 0.55524 0.267561
5 0.556279 0.285369 0.585366 0.283962 0.585366 0.267093 0.898055 0.261472 0.898401 0.304579 0.837456 0.306453 0.83815 0.328939 0.555939 0.333166
5 0.557302 0.351828 0.585868 0.350657 0.58558 0.335821 0.898095 0.331134 0.898095 0.353779 0.635934 0.358076 0.636165 0.376621 0.557302 0.377912
