0 0.559469 0.71713 0.905579 0.714696 0.906269 0.782227 0.65112 0.783744 0.650891 0.804733 0.55924 0.804733
0 0.558547 0.826028 0.592399 0.826638 0.592628 0.807776 0.905579 0.80504 0.907189 0.873176 0.557856 0.876218
0 0.557087 0.135019 0.906374 0.132099 0.908309 0.248175 0.852765 0.248175 0.852765 0.266428 0.557917 0.267888
3 0.678924 0.678831 0.785036 0.679195 0.785036 0.7 0.678924 0.699636
0 0.558468 0.291613 0.592182 0.290521 0.592182 0.272268 0.905878 0.270114 0.907067 0.361224 0.557282 0.361734
0 0.101384 0.199802 0.134212 0.199802 0.133882 0.181407 0.447244 0.181844 0.449965 0.584743 0.150693 0.587284 0.151256 0.605901 0.101517 0.607345
0 0.102048 0.134973 0.447578 0.138042 0.447908 0.156878 0.399826 0.158629 0.399495 0.180093 0.101384 0.18053
0 0.558692 0.383562 0.591021 0.384294 0.590746 0.367501 0.904108 0.366041 0.907038 0.613676 0.829774 0.613236 0.830107 0.6347 0.558857 0.633826
1 0.245506 0.104676 0.30745 0.104676 0.30745 0.121104 0.245506 0.121104
1 0.700998 0.101028 0.764093 0.101028 0.764093 0.121714 0.700998 0.121714
0 0.101799 0.62561 0.134682 0.62415 0.134131 0.609185 0.448048 0.605169 0.450894 0.8854 0.102324 0.87974
