2 0.581142 0.096627 0.886474 0.0985211 0.882429 0.302927 0.577676 0.298376
0 0.0861395 0.074062 0.454444 0.0835435 0.453577 0.218171 0.236349 0.21324 0.235482 0.228408 0.082962 0.224236
0 0.0838265 0.240922 0.112715 0.240542 0.11358 0.224236 0.450689 0.233718 0.449821 0.289844 0.160955 0.280742 0.160091 0.295161 0.0823838 0.294395
0 0.0821145 0.305897 0.113007 0.306161 0.11381 0.29352 0.448815 0.302213 0.448815 0.337501 0.0815136 0.324331
0 0.0831179 0.339343 0.113007 0.340399 0.112608 0.325649 0.448815 0.336712 0.449819 0.35541 0.424943 0.355671 0.424943 0.369365 0.0841213 0.359094
0 0.0827183 0.373845 0.112406 0.373052 0.113209 0.358305 0.448214 0.36884 0.446409 0.519401 0.400431 0.51782 0.400431 0.532358 0.0802693 0.522877
0 0.0810714 0.535384 0.110961 0.536701 0.111363 0.522743 0.445485 0.53362 0.444904 0.554477 0.339748 0.549185 0.339467 0.566619 0.0806321 0.557138
0 0.0800737 0.576465 0.109827 0.577604 0.110402 0.561298 0.444045 0.570779 0.444334 0.627661 0.276791 0.620457 0.276502 0.634869 0.0789172 0.629558
0 0.077568 0.643963 0.109725 0.644573 0.110652 0.630094 0.445292 0.639423 0.444456 0.6621 0.179215 0.652042 0.178798 0.665575 0.077381 0.663562
0 0.0773923 0.677468 0.109014 0.678201 0.10943 0.663934 0.443016 0.672367 0.442208 0.760848 0.261471 0.754518 0.261069 0.768748 0.0771117 0.762694
0 0.0757171 0.781385 0.10661 0.782702 0.107412 0.766638 0.441094 0.772931 0.442137 0.902185 0.269158 0.896733 0.268815 0.911744 0.0764371 0.908559
0 0.548554 0.313827 0.578846 0.315669 0.578846 0.301182 0.91305 0.30366 0.913291 0.340317 0.548594 0.336209
0 0.548356 0.351689 0.577001 0.35422 0.577242 0.340314 0.911604 0.343157 0.912809 0.431013 0.757302 0.43038 0.75682 0.443654 0.546429 0.440811
0 0.54695 0.454452 0.57771 0.455989 0.578044 0.441722 0.909289 0.44554 0.909087 0.463975 0.597769 0.462922 0.59737 0.475827 0.547202 0.471879
0 0.547211 0.487139 0.576701 0.488721 0.577704 0.473706 0.909901 0.475023 0.906409 0.742752 0.760813 0.743883 0.761114 0.758288 0.542438 0.754128
0 0.543909 0.765935 0.57216 0.767911 0.572327 0.753863 0.718197 0.759043 0.904272 0.75652 0.904756 0.844064 0.659473 0.842482 0.659221 0.858591 0.540782 0.853214
0 0.542063 0.868363 0.573546 0.868914 0.574243 0.853735 0.905096 0.856478 0.904402 0.896164 0.682764 0.896164 0.682764 0.910978 0.541786 0.907502
1 0.699646 0.0619199 0.767588 0.0619199 0.767588 0.08786 0.699646 0.08786
1 0.233067 0.043716 0.30413 0.043716 0.30413 0.0687445 0.233067 0.0687445
