5 0.133368 0.36422 0.133646 0.345232 0.449443 0.350709 0.448893 0.370427
5 0.10471 0.183476 0.133922 0.183476 0.134197 0.164126 0.448617 0.170333 0.447516 0.189686 0.200058 0.188223 0.200058 0.207211 0.103884 0.208306
5 0.101403 0.453679 0.133371 0.452219 0.134197 0.435788 0.444484 0.440536 0.444759 0.460619 0.338942 0.460254 0.338391 0.479603 0.100577 0.47632
1 0.242899 0.0850414 0.307901 0.0850414 0.307901 0.111208 0.242899 0.111208
0 0.0992377 0.766867 0.126333 0.766256 0.126794 0.748001 0.44367 0.75521 0.445003 0.867402 0.0990986 0.862136
0 0.101487 0.543175 0.132075 0.54354 0.132075 0.524552 0.447597 0.530397 0.447872 0.709022 0.0990058 0.704202
0 0.557855 0.504826 0.590954 0.504322 0.591336 0.485557 0.904101 0.484516 0.906954 0.845498 0.654945 0.849301 0.655519 0.868977 0.560104 0.868216
0 0.558661 0.123537 0.906536 0.125288 0.903594 0.462939 0.845725 0.462063 0.845725 0.482219 0.559687 0.483533
0 0.127125 0.720317 0.445238 0.723428 0.445238 0.749718 0.127125 0.740473
1 0.698748 0.0904914 0.764577 0.0904914 0.764577 0.114477 0.698748 0.114477
5 0.0997507 0.317847 0.133646 0.319307 0.133371 0.300687 0.444759 0.304339 0.444759 0.325517 0.195371 0.325517 0.195646 0.345232 0.100852 0.343772
0 0.130339 0.413516 0.319928 0.416435 0.320203 0.437248 0.130339 0.432136
5 0.132 0.232057 0.132542 0.21013 0.337014 0.213429 0.337275 0.232787
5 0.129238 0.367508 0.448342 0.37262 0.447791 0.39197 0.193994 0.39124 0.19427 0.411323 0.102232 0.409499 0.103058 0.390145 0.128684 0.388321
5 0.130064 0.255409 0.446962 0.257966 0.447238 0.280604 0.308904 0.282063 0.308904 0.302146 0.101957 0.299227 0.102783 0.278414 0.130339 0.276221
5 0.131441 0.234231 0.326267 0.236789 0.326267 0.256868 0.131165 0.252854
5 0.133368 0.144772 0.390472 0.146962 0.390197 0.166315 0.132817 0.162298
5 0.134197 0.119212 0.339493 0.123595 0.339768 0.143313 0.134197 0.142579
5 0.100026 0.496768 0.132542 0.496768 0.132542 0.479968 0.443933 0.48508 0.443933 0.504434 0.203087 0.504069 0.203087 0.523422 0.100577 0.521959
