0 0.542255 0.187905 0.57258 0.187905 0.571921 0.168627 0.883742 0.162931 0.886051 0.2729 0.543244 0.281226
0 0.543825 0.501296 0.574041 0.499106 0.573768 0.482675 0.88526 0.475011 0.888666 0.675232 0.663204 0.684143 0.664001 0.701522 0.544541 0.705719
0 0.103926 0.711079 0.134829 0.710777 0.135286 0.693127 0.4452 0.696292 0.447101 0.785225 0.387311 0.785225 0.387768 0.806067 0.102988 0.807955
0 0.104958 0.419359 0.136546 0.418449 0.137003 0.403234 0.448154 0.407737 0.445453 0.673382 0.219891 0.671861 0.219891 0.692305 0.101982 0.690787
0 0.107029 0.133587 0.452735 0.137792 0.449571 0.38279 0.191674 0.380687 0.190883 0.402041 0.103863 0.400142
0 0.546914 0.744612 0.89025 0.738304 0.891041 0.784044 0.546123 0.789304
0 0.548387 0.805903 0.578602 0.804809 0.577504 0.789839 0.891467 0.786556 0.890917 0.848255 0.700837 0.852273 0.70111 0.874177 0.547837 0.877102
1 0.24199 0.0979281 0.313952 0.0979281 0.313952 0.125922 0.24199 0.125922
1 0.678139 0.104924 0.751855 0.104924 0.751855 0.130586 0.678139 0.130586
3 0.649154 0.713307 0.784228 0.71143 0.784582 0.731588 0.648801 0.733465
3 0.667305 0.138354 0.756687 0.138354 0.756687 0.16001 0.667305 0.16001
0 0.543376 0.298387 0.572217 0.297171 0.572217 0.282262 0.887854 0.275936 0.888838 0.363561 0.684472 0.368822 0.684794 0.387656 0.543399 0.391185
0 0.544363 0.410475 0.572381 0.409159 0.572381 0.393823 0.887831 0.387691 0.887699 0.451042 0.637055 0.45928 0.636592 0.478822 0.542123 0.48136
