4 0.550721 0.82212 0.618677 0.822749 0.618677 0.833475 0.915391 0.837889 0.916828 0.89656 0.903428 0.89656 0.903428 0.909181 0.549764 0.905396 0.550721 0.847987 0.580872 0.847987 0.579915 0.832843 0.549284 0.833475
1 0.70975 0.0375102 0.776271 0.0375102 0.776271 0.0545449 0.70975 0.0545449
0 0.0819796 0.0879106 0.111332 0.0891611 0.112278 0.072935 0.443669 0.0872891 0.444615 0.137836 0.409583 0.140333 0.411477 0.154062 0.0810338 0.145327
3 0.191684 0.158573 0.333045 0.170995 0.333045 0.192291 0.190145 0.180378
0 0.552082 0.743805 0.583326 0.74443 0.582851 0.733824 0.914717 0.735696 0.914243 0.754415 0.768432 0.750046 0.767958 0.766272 0.552082 0.763154
0 0.560128 0.244552 0.588535 0.245177 0.589006 0.230823 0.921343 0.233945 0.921818 0.299471 0.559182 0.294477
0 0.553028 0.777508 0.580486 0.776883 0.580486 0.766898 0.916137 0.76877 0.916609 0.803719 0.627827 0.796853 0.627827 0.816823 0.551607 0.816823
0 0.564862 0.209606 0.589955 0.210853 0.591375 0.196499 0.920869 0.198371 0.920869 0.219591 0.803936 0.215847 0.803465 0.229576 0.561548 0.227079
0 0.559656 0.311953 0.58806 0.311328 0.58806 0.297599 0.921343 0.301968 0.921818 0.33442 0.558708 0.329426
0 0.560128 0.344405 0.58948 0.346899 0.588535 0.331923 0.923238 0.336914 0.922763 0.367494 0.752809 0.366869 0.752809 0.381848 0.557762 0.381223
0 0.558708 0.39433 0.587586 0.393705 0.587586 0.38372 0.922763 0.383095 0.917083 0.650822 0.756595 0.648324 0.756595 0.665797 0.553502 0.661432
0 0.554922 0.678279 0.5838 0.67953 0.5838 0.66455 0.919449 0.669545 0.917558 0.720717 0.6586 0.715101 0.658126 0.731948 0.551607 0.731948
0 0.0806561 0.690451 0.107166 0.691698 0.105746 0.680466 0.441869 0.694195 0.441397 0.736632 0.180071 0.726022 0.180071 0.739125 0.0791821 0.736014
0 0.0803465 0.609021 0.440829 0.62461 0.442721 0.690762 0.078898 0.677385
3 0.207532 0.591275 0.318313 0.600402 0.318313 0.618403 0.206762 0.613079
3 0.696677 0.0848219 0.79207 0.0860873 0.79207 0.109412 0.69687 0.107132
3 0.655135 0.12006 0.834382 0.127413 0.834575 0.15809 0.759761 0.15961 0.759952 0.179135 0.723025 0.17888 0.723601 0.158599 0.653789 0.15961
1 0.225436 0.046342 0.292437 0.046342 0.292437 0.070318 0.225436 0.070318
0 0.0776768 0.176525 0.325163 0.192437 0.439881 0.190883 0.442249 0.579055 0.181397 0.56907 0.181397 0.585296 0.0810338 0.582799
