0 0.110563 0.345936 0.14217 0.344622 0.14217 0.328424 0.451171 0.328063 0.452561 0.437738 0.111659 0.439622
1 0.678344 0.0867678 0.747082 0.0867678 0.747082 0.110373 0.678344 0.110373
0 0.110563 0.125295 0.452433 0.122671 0.454046 0.304346 0.199255 0.308726 0.198932 0.324924 0.109917 0.328424
3 0.614169 0.707972 0.680597 0.706801 0.680597 0.686503 0.7545 0.685724 0.754786 0.706801 0.819774 0.709143 0.820351 0.728658 0.613595 0.730612
0 0.113638 0.459924 0.142127 0.459924 0.142664 0.440955 0.451208 0.440227 0.453304 0.710224 0.392938 0.71234 0.393718 0.733352 0.112279 0.733685
0 0.111473 0.752585 0.144175 0.753193 0.144397 0.735561 0.450791 0.737992 0.452359 0.870845 0.113041 0.871453
0 0.541351 0.124551 0.884834 0.124551 0.887736 0.506731 0.658746 0.510235 0.658746 0.529057 0.543932 0.531246
0 0.545286 0.551297 0.57586 0.550774 0.576633 0.533436 0.886639 0.530808 0.887413 0.618541 0.731442 0.621693 0.73183 0.643755 0.543738 0.646383
1 0.247279 0.0878918 0.313532 0.0878918 0.313532 0.109249 0.247279 0.109249
0 0.548832 0.755344 0.576571 0.754906 0.576248 0.737833 0.887479 0.735209 0.887479 0.845089 0.723638 0.850345 0.724606 0.871356 0.547544 0.875294
