5 0.545846 0.16801 0.672617 0.166552 0.690607 0.164724 0.82596 0.158886 0.906201 0.156954 0.907806 0.175343 0.545903 0.187422
0 0.0862064 0.116873 0.114823 0.116873 0.114003 0.101784 0.44431 0.105017 0.445943 0.262371 0.270164 0.259138 0.27091 0.274372 0.0853898 0.27207
0 0.0873377 0.289304 0.117304 0.289304 0.11691 0.273711 0.448503 0.276828 0.447715 0.312174 0.165013 0.308014 0.165013 0.322568 0.084579 0.322568 0.0841849 0.289304
0 0.0858095 0.338524 0.112305 0.337899 0.112305 0.326051 0.448234 0.325427 0.448707 0.375323 0.186116 0.372202 0.186116 0.390292 0.0834449 0.389044
5 0.546096 0.669501 0.705843 0.666346 0.706802 0.682111 0.546572 0.685262
5 0.546096 0.650585 0.854117 0.645543 0.855288 0.666141 0.546096 0.668241
5 0.545251 0.636988 0.876116 0.627887 0.877074 0.646171 0.544344 0.650219
5 0.0845761 0.778902 0.224077 0.778902 0.224077 0.795975 0.0845761 0.795975
5 0.0839127 0.797291 0.203153 0.797291 0.203153 0.813489 0.0839127 0.813489
5 0.0832464 0.814368 0.205809 0.814368 0.205809 0.828817 0.0832464 0.828817
5 0.0849079 0.847206 0.292832 0.847206 0.292832 0.86472 0.0849079 0.86472
5 0.0839127 0.829692 0.201491 0.829692 0.201491 0.845016 0.0839127 0.845016
5 0.0842444 0.865594 0.215444 0.865594 0.215444 0.880481 0.0842444 0.880481
5 0.0829147 0.881797 0.303462 0.881797 0.303462 0.899311 0.0829147 0.899311
5 0.0832464 0.899311 0.251979 0.899311 0.251979 0.915509 0.0832464 0.915509
5 0.544188 0.0833582 0.641894 0.0815343 0.686456 0.0793441 0.687298 0.0979982 0.54406 0.100652
5 0.546124 0.100872 0.623901 0.0990484 0.729742 0.0943354 0.73019 0.109996 0.544741 0.116196
5 0.544463 0.118386 0.677091 0.112313 0.677375 0.131187 0.54391 0.134443
5 0.544188 0.135534 0.704724 0.130062 0.705001 0.144291 0.574256 0.152342 0.568358 0.1538 0.560703 0.151109 0.544741 0.1494
5 0.544741 0.15232 0.563286 0.152686 0.569098 0.155239 0.578784 0.151957 0.800218 0.142467 0.802433 0.159981 0.794403 0.160714 0.788591 0.158886 0.678982 0.163633 0.676215 0.165457 0.544741 0.16875
5 0.546759 0.228543 0.608486 0.229638 0.677128 0.224895 0.678236 0.241314 0.546206 0.245691
5 0.546096 0.246348 0.701097 0.241968 0.822886 0.235767 0.823439 0.252915 0.545818 0.263134
5 0.54499 0.264591 0.73985 0.257296 0.830635 0.254377 0.831466 0.272982 0.545265 0.277362
5 0.546096 0.278091 0.675634 0.277362 0.675634 0.294877 0.54499 0.294148
3 0.243445 0.0765522 0.288038 0.0785779 0.287462 0.099609 0.243059 0.0993586
3 0.124956 0.651217 0.408412 0.653041 0.408665 0.679798 0.124494 0.675541
3 0.654131 0.539663 0.803292 0.533073 0.803485 0.554863 0.654902 0.561453
3 0.622359 0.19985 0.827068 0.189714 0.828412 0.2148 0.623706 0.225441
0 0.576635 0.814304 0.909844 0.806949 0.909844 0.88839 0.842883 0.89154 0.84368 0.909406 0.54395 0.915711 0.543553 0.828492 0.577431 0.829019
0 0.548336 0.779104 0.577431 0.780154 0.576635 0.763866 0.910244 0.758084 0.91144 0.792238 0.856436 0.791711 0.857233 0.806426 0.547139 0.814304
0 0.546861 0.744532 0.576354 0.745582 0.575557 0.729817 0.909566 0.724566 0.909963 0.74085 0.617009 0.74821 0.617009 0.762921 0.546462 0.764498
5 0.546649 0.380986 0.886547 0.370038 0.888486 0.384271 0.885719 0.386095 0.689793 0.39517 0.671761 0.396328 0.54647 0.396926
0 0.085336 0.404637 0.115617 0.405261 0.114199 0.39154 0.447287 0.390916 0.448707 0.440812 0.300615 0.440188 0.301089 0.455781 0.0834449 0.453909
0 0.0858095 0.468253 0.114199 0.468878 0.115143 0.458274 0.444922 0.45703 0.444922 0.47574 0.323799 0.473867 0.323799 0.488836 0.084389 0.488212
0 0.0858095 0.503181 0.114199 0.503181 0.11467 0.490708 0.445869 0.492577 0.446816 0.539356 0.346983 0.540605 0.346983 0.556822 0.0839155 0.554949
5 0.545543 0.364567 0.815965 0.356176 0.817074 0.374419 0.545903 0.380369
5 0.546484 0.346761 0.679067 0.345666 0.74522 0.340923 0.876972 0.33618 0.8778 0.353347 0.54647 0.364559
5 0.544434 0.313119 0.580417 0.315672 0.587338 0.316767 0.592875 0.313119 0.638543 0.311662 0.719921 0.310567 0.742339 0.308743 0.839492 0.305458 0.905923 0.300715 0.906754 0.321148 0.700544 0.325891 0.701653 0.343405 0.684213 0.344862 0.574604 0.3445 0.574604 0.329172 0.545818 0.328081
5 0.54499 0.2967 0.65958 0.295605 0.708018 0.291958 0.850564 0.286482 0.851948 0.302539 0.844199 0.303996 0.836725 0.303634 0.729053 0.30801 0.726839 0.308743 0.674803 0.309472 0.59315 0.311662 0.587891 0.314943 0.544159 0.310929
5 0.546725 0.493841 0.605926 0.496457 0.732464 0.492159 0.732654 0.50869 0.547204 0.510151
5 0.545251 0.461772 0.692518 0.460528 0.829251 0.456514 0.91395 0.453595 0.913397 0.466 0.757287 0.475123 0.757556 0.490813 0.575988 0.496285 0.575435 0.48169 0.5444 0.479787
5 0.547204 0.446662 0.676187 0.446299 0.70774 0.443014 0.774171 0.44119 0.833958 0.438271 0.907306 0.437542 0.908415 0.453595 0.814582 0.455785 0.745109 0.458704 0.705804 0.458338 0.629132 0.461989 0.546927 0.459799
5 0.545543 0.397405 0.692231 0.395319 0.74594 0.392295 0.790502 0.390472 0.909246 0.386824 0.910629 0.404704 0.769189 0.406528 0.763652 0.410176 0.757009 0.406528 0.66207 0.411271 0.660686 0.429514 0.576266 0.428419 0.57516 0.412729 0.548863 0.411633
5 0.546357 0.511108 0.634114 0.512341 0.739572 0.508327 0.740403 0.523651 0.546374 0.528394
5 0.548007 0.566098 0.601576 0.566098 0.656581 0.565467 0.758458 0.561056 0.907684 0.555379 0.908642 0.576818 0.627882 0.585014 0.628361 0.60393 0.575271 0.602038 0.574792 0.586273 0.548007 0.586905
5 0.546045 0.602528 0.676189 0.600147 0.677624 0.617168 0.545478 0.619945
5 0.545052 0.620356 0.72928 0.615277 0.729759 0.632301 0.542841 0.637736
0 0.0833938 0.679275 0.266739 0.681375 0.266739 0.696613 0.243224 0.697663 0.243621 0.712374 0.0821973 0.713951
0 0.112478 0.714363 0.450936 0.719618 0.450936 0.751581 0.0829147 0.747638 0.0829147 0.730124 0.112143 0.730124
0 0.0850751 0.570793 0.114137 0.570793 0.114967 0.556198 0.447669 0.558388 0.448778 0.628078 0.375705 0.627349 0.374596 0.644131 0.0845223 0.644131
1 0.691344 0.0457362 0.754157 0.0457362 0.754157 0.0609891 0.691344 0.0609891
1 0.231815 0.0446486 0.297933 0.0446486 0.297933 0.0609891 0.231815 0.0609891
0 0.165781 0.755782 0.367607 0.757912 0.36784 0.780412 0.166705 0.775852
5 0.546927 0.429148 0.601177 0.42988 0.644358 0.430243 0.730167 0.424135 0.743726 0.423676 0.817074 0.421852 0.811537 0.439 0.750644 0.440824 0.57765 0.446299 0.546927 0.444838
