4 0.108493 0.80541 0.173644 0.807439 0.173072 0.814536 0.44987 0.819607 0.451011 0.860416 0.330806 0.858387 0.330424 0.873341 0.104871 0.872073 0.106396 0.835322 0.136876 0.834054 0.136494 0.814789 0.108111 0.81276
0 0.110742 0.305918 0.139818 0.305902 0.140641 0.286192 0.45419 0.288747 0.45419 0.338023 0.365859 0.336928 0.365859 0.357004 0.109642 0.352989
0 0.110191 0.373426 0.140915 0.373061 0.141738 0.355544 0.454464 0.358464 0.453009 0.493111 0.388106 0.491286 0.387857 0.51377 0.108519 0.510447
0 0.10715 0.531114 0.139385 0.531418 0.140069 0.513167 0.452795 0.515296 0.452795 0.584648 0.17756 0.582823 0.177332 0.601073 0.106237 0.600462
0 0.107788 0.73411 0.137124 0.734617 0.137696 0.716367 0.450459 0.719713 0.450725 0.786883 0.10756 0.782142
0 0.138146 0.802371 0.138533 0.783613 0.450765 0.788604 0.451031 0.809037
0 0.53259 0.135653 0.878894 0.123827 0.881198 0.213178 0.726809 0.218872 0.727468 0.239459 0.534236 0.245153
1 0.67134 0.0940845 0.740866 0.0940845 0.740866 0.116162 0.67134 0.116162
0 0.53544 0.263538 0.566682 0.263031 0.566304 0.246302 0.881008 0.237176 0.883485 0.529381 0.857121 0.529381 0.857444 0.551785 0.538432 0.559643
1 0.250644 0.100393 0.315426 0.100393 0.315426 0.120892 0.250644 0.120892
0 0.106555 0.620842 0.139099 0.620208 0.139734 0.603309 0.452789 0.605211 0.453901 0.717585 0.104967 0.714204
4 0.543786 0.85431 0.610459 0.852831 0.610618 0.857269 0.684121 0.853465 0.684915 0.870997 0.574424 0.873533 0.57363 0.858748 0.543786 0.859378
0 0.53734 0.58056 0.570043 0.578235 0.569884 0.560284 0.884034 0.552827 0.888926 0.8229 0.655166 0.829447 0.655481 0.84829 0.542247 0.85222
3 0.197314 0.155579 0.366385 0.160309 0.366385 0.185541 0.196922 0.181334
3 0.211536 0.18659 0.348213 0.190797 0.34782 0.213923 0.212327 0.208667
3 0.109622 0.235997 0.245507 0.23705 0.245902 0.214972 0.315033 0.216551 0.315822 0.239151 0.454473 0.241253 0.45408 0.263853 0.314242 0.262278 0.314242 0.281201 0.249457 0.281201 0.249853 0.261225 0.109622 0.258074
