5 0.0983152 0.500901 0.127935 0.501684 0.127647 0.483731 0.441374 0.480607 0.440226 0.505587 0.16273 0.506366 0.163304 0.526665 0.0974529 0.527836
0 0.570591 0.854368 0.599486 0.851329 0.599486 0.833089 0.909012 0.816062 0.91058 0.862275 0.570591 0.878387
0 0.568352 0.762557 0.598812 0.759213 0.598589 0.7431 0.907222 0.727596 0.910357 0.792957 0.825919 0.799647 0.825919 0.818496 0.569472 0.833697
0 0.566145 0.623425 0.594397 0.621848 0.594012 0.606615 0.907113 0.592433 0.909435 0.703274 0.864152 0.706953 0.86454 0.726391 0.567693 0.7411
0 0.561114 0.421172 0.590143 0.418544 0.589754 0.404362 0.901693 0.387552 0.907887 0.566688 0.833192 0.572995 0.833966 0.590855 0.564597 0.603987
0 0.556853 0.266707 0.898598 0.253067 0.903241 0.363385 0.681091 0.377044 0.682253 0.397533 0.56034 0.404885
0 0.0981125 0.365901 0.126496 0.364587 0.126819 0.347951 0.435791 0.347075 0.435468 0.364149 0.208415 0.370715 0.208738 0.390413 0.0971473 0.39304
0 0.095534 0.120307 0.43966 0.115927 0.437404 0.345323 0.0961793 0.345323
3 0.666745 0.23366 0.790397 0.22878 0.790397 0.249598 0.667224 0.254803
1 0.690063 0.0874422 0.758801 0.0874422 0.758801 0.109923 0.690063 0.109923
1 0.23291 0.0857562 0.300822 0.0857562 0.300822 0.106551 0.23291 0.106551
5 0.0971445 0.412482 0.126756 0.412885 0.127042 0.393757 0.438184 0.391416 0.439046 0.458944 0.296128 0.460893 0.29584 0.4808 0.0971359 0.481971
5 0.586077 0.195357 0.585788 0.175059 0.895491 0.159055 0.896065 0.182474
5 0.0991776 0.817065 0.128509 0.815895 0.128221 0.801065 0.439075 0.797941 0.439649 0.82019 0.263949 0.822531 0.264238 0.842046 0.0991776 0.843221
5 0.0991776 0.773352 0.129372 0.77374 0.129372 0.755007 0.439649 0.753445 0.439937 0.772178 0.277464 0.77491 0.277464 0.79755 0.0991776 0.799503
5 0.099466 0.726902 0.127935 0.728073 0.128509 0.710507 0.439649 0.707387 0.439649 0.732367 0.260211 0.732755 0.260211 0.751883 0.0991776 0.752662
5 0.0997544 0.682794 0.127359 0.681623 0.127647 0.666011 0.440511 0.662887 0.441088 0.686309 0.146339 0.687867 0.146625 0.706995 0.0983152 0.708945
5 0.099466 0.639076 0.128798 0.638689 0.129083 0.621123 0.439937 0.617611 0.439075 0.64103 0.203564 0.642592 0.203564 0.663669 0.099466 0.664449
5 0.128509 0.865469 0.129372 0.844 0.439649 0.842829 0.439649 0.865077
5 0.556168 0.147346 0.584926 0.145004 0.584926 0.129001 0.893764 0.116512 0.89434 0.133687 0.698224 0.146567 0.698798 0.167253 0.556168 0.173109
5 0.0991776 0.593801 0.126496 0.593801 0.126785 0.575064 0.438786 0.572723 0.439363 0.595751 0.271139 0.596534 0.271713 0.615658 0.0991776 0.619173
5 0.0988892 0.547743 0.127359 0.546572 0.12707 0.529789 0.437924 0.525886 0.43735 0.549305 0.185734 0.551254 0.185734 0.571553 0.0980268 0.573115
