1 0.249711 0.0898055 0.315791 0.0898055 0.315791 0.111365 0.249711 0.111365
0 0.555771 0.126913 0.903016 0.117712 0.907354 0.591134 0.665627 0.598667 0.66658 0.618332 0.564376 0.621402
0 0.563229 0.640747 0.592793 0.639449 0.592137 0.623243 0.907519 0.61492 0.909489 0.722673 0.566176 0.734489
0 0.110165 0.117493 0.454454 0.124941 0.454454 0.310664 0.217591 0.304094 0.217591 0.323358 0.108521 0.321179
0 0.100347 0.837277 0.131906 0.836769 0.132094 0.818517 0.444171 0.824348 0.443374 0.873222 0.0988244 0.861155
0 0.104454 0.521814 0.13411 0.522118 0.135023 0.503562 0.452366 0.511169 0.44673 0.806108 0.223998 0.800843 0.223224 0.81715 0.100211 0.815567
0 0.10662 0.410453 0.13628 0.409844 0.138102 0.390376 0.452935 0.399199 0.452253 0.48954 0.273619 0.484676 0.273391 0.50414 0.105708 0.501101
0 0.107865 0.338698 0.137761 0.340012 0.138417 0.322931 0.454454 0.332917 0.452811 0.397308 0.107207 0.386794
1 0.696109 0.0860582 0.763596 0.0860582 0.763596 0.10949 0.696109 0.10949
4 0.561716 0.740712 0.63465 0.739153 0.63465 0.751257 0.90911 0.742276 0.911745 0.846162 0.801904 0.848504 0.801904 0.864907 0.562886 0.869987 0.562008 0.771566 0.590127 0.771177 0.588663 0.751257 0.562008 0.750868
