0 0.557687 0.748211 0.590876 0.749056 0.590397 0.734271 0.634277 0.73406 0.640006 0.736804 0.648621 0.733005 0.91894 0.731102 0.919099 0.765317 0.673211 0.766376 0.673211 0.781583 0.559281 0.783482
0 0.0875413 0.606139 0.117317 0.605702 0.117317 0.591684 0.448853 0.596941 0.448853 0.630228 0.299298 0.627599 0.299298 0.642491 0.0858853 0.639425
0 0.0929986 0.0831605 0.451136 0.0894661 0.450738 0.107335 0.256582 0.103654 0.256185 0.119424 0.0910154 0.115743
4 0.560523 0.870242 0.625639 0.869716 0.625639 0.881805 0.916674 0.877599 0.916674 0.910711 0.582758 0.91334 0.582361 0.881279 0.559729 0.883382
0 0.0901818 0.217547 0.120355 0.218598 0.120355 0.20388 0.449508 0.208086 0.44911 0.292176 0.0889902 0.286393
0 0.559441 0.798056 0.589919 0.799111 0.589919 0.783693 0.840898 0.779469 0.917169 0.780739 0.917807 0.814955 0.80292 0.814744 0.803877 0.828895 0.696652 0.830794 0.689631 0.829739 0.560543 0.829739
0 0.5596 0.845368 0.589424 0.846634 0.591194 0.830583 0.694593 0.831427 0.822881 0.829528 0.917329 0.829106 0.917807 0.860785 0.559952 0.866573
0 0.0913706 0.130302 0.121944 0.131879 0.122738 0.116636 0.448316 0.123997 0.449508 0.189692 0.0877986 0.18496
1 0.23673 0.0542543 0.303832 0.0542543 0.303832 0.07002 0.23673 0.07002
1 0.706159 0.056461 0.773656 0.056461 0.773656 0.0711752 0.706159 0.0711752
0 0.559818 0.431735 0.590607 0.432039 0.591066 0.419872 0.655401 0.418961 0.918722 0.417136 0.918263 0.629125 0.753745 0.631557 0.753975 0.648286 0.55821 0.651329
0 0.560797 0.665858 0.588243 0.665858 0.588562 0.652555 0.918221 0.647482 0.918221 0.715495 0.638825 0.718239 0.638985 0.735349 0.634199 0.733023 0.560159 0.733656
0 0.560926 0.101955 0.5896 0.101955 0.589877 0.0873556 0.922652 0.0851673 0.919049 0.414914 0.559986 0.419627
0 0.0898573 0.409053 0.11798 0.408616 0.11831 0.391973 0.44753 0.397227 0.44753 0.433142 0.403855 0.431387 0.404515 0.446716 0.0882014 0.441899
0 0.0882014 0.455039 0.11798 0.455476 0.11831 0.444527 0.448853 0.44803 0.448853 0.594313 0.0872084 0.589932
0 0.0876587 0.655891 0.116151 0.655891 0.117069 0.640377 0.445183 0.644942 0.444495 0.808268 0.320187 0.807353 0.320187 0.821649 0.0853594 0.822867
0 0.0854741 0.836704 0.116266 0.837007 0.116266 0.823626 0.445298 0.822104 0.445298 0.876244 0.249074 0.8732 0.249303 0.889018 0.0843273 0.891147
2 0.114769 0.290136 0.420252 0.290136 0.420252 0.392032 0.114769 0.392032
