2 0.541877 0.605204 0.880111 0.602116 0.881285 0.876926 0.537188 0.879244
1 0.683658 0.0953454 0.753022 0.0953454 0.753022 0.119153 0.683658 0.119153
2 0.542873 0.223169 0.604423 0.222396 0.607355 0.198465 0.726353 0.196923 0.72694 0.177622 0.892245 0.181482 0.885212 0.546612 0.541115 0.545839
3 0.310447 0.719528 0.312403 0.293672 0.297258 0.29303 0.294327 0.719528
1 0.248409 0.0914851 0.320707 0.0914851 0.320707 0.114647 0.248409 0.114647
2 0.127115 0.867813 0.133025 0.131937 0.268928 0.133048 0.268928 0.870039
2 0.317886 0.870039 0.321264 0.129715 0.457168 0.13416 0.457168 0.872262
3 0.104207 0.765324 0.119813 0.765324 0.121848 0.230147 0.106923 0.231039
3 0.57798 0.151238 0.856829 0.152311 0.857238 0.173216 0.577165 0.173754
3 0.605255 0.577255 0.706006 0.578593 0.706006 0.597356 0.605594 0.59691
