0 0.553453 0.7413 0.584323 0.7413 0.58459 0.722312 0.894056 0.718544 0.895137 0.783075 0.555011 0.789424
0 0.105876 0.127019 0.444733 0.123951 0.448919 0.435038 0.243737 0.442922 0.244383 0.460448 0.107164 0.463953
0 0.108464 0.708513 0.138527 0.707781 0.138527 0.690256 0.446408 0.686824 0.44866 0.779272 0.107685 0.781717
0 0.550367 0.379355 0.582039 0.377892 0.582039 0.361829 0.89153 0.357446 0.893382 0.695479 0.780216 0.695479 0.780216 0.718188 0.553857 0.721365
0 0.549588 0.158638 0.890751 0.15316 0.894511 0.330245 0.846462 0.332802 0.846999 0.354711 0.54771 0.360553
4 0.555199 0.79342 0.619818 0.791076 0.620105 0.796546 0.894374 0.789904 0.895236 0.848109 0.74647 0.851235 0.74647 0.869205 0.555199 0.87155 0.553763 0.815294 0.57961 0.812563 0.579036 0.799278 0.555486 0.799668
0 0.108131 0.483672 0.139053 0.482357 0.138732 0.46439 0.446988 0.460885 0.450853 0.665063 0.18415 0.668131 0.18415 0.686971 0.108777 0.689119
1 0.243419 0.0901072 0.306141 0.0901072 0.306141 0.110735 0.243419 0.110735
1 0.684889 0.0887029 0.751402 0.0887029 0.751402 0.110263 0.684889 0.110263
3 0.658439 0.124102 0.774713 0.124102 0.774713 0.144177 0.658641 0.143906
