1 0.675771 0.0958433 0.742641 0.0958433 0.742641 0.114368 0.675771 0.114368
1 0.244374 0.101293 0.307984 0.101293 0.307984 0.117634 0.244374 0.117634
0 0.539517 0.649936 0.570978 0.651014 0.568559 0.629455 0.888016 0.624067 0.891351 0.873868 0.542985 0.881907
0 0.53871 0.250051 0.567752 0.251126 0.565331 0.232806 0.888823 0.224179 0.890437 0.576641 0.579852 0.576641 0.578238 0.598199 0.53871 0.599274
0 0.102279 0.483943 0.132936 0.487178 0.132936 0.46562 0.445939 0.469933 0.44836 0.881675 0.0942146 0.879518
0 0.534677 0.129329 0.887209 0.12502 0.888016 0.154119 0.812184 0.150888 0.812991 0.173521 0.535485 0.176756
0 0.10462 0.129009 0.453118 0.130083 0.449893 0.386616 0.435372 0.38769 0.435372 0.409249 0.102201 0.40494
3 0.631553 0.602041 0.79569 0.600947 0.796783 0.621018 0.631825 0.623206
3 0.633578 0.204155 0.783679 0.202845 0.784333 0.222548 0.632922 0.225613
3 0.160949 0.43906 0.393254 0.441583 0.393254 0.462868 0.160746 0.457959
