1 0.245007 0.0968174 0.310182 0.0968174 0.310182 0.116521 0.245007 0.116521
0 0.101969 0.57337 0.135282 0.57337 0.135663 0.555123 0.447962 0.556823 0.447655 0.736448 0.236753 0.736145 0.236753 0.755 0.102122 0.754694
0 0.102862 0.777945 0.135762 0.778519 0.135895 0.7565 0.448575 0.757958 0.448575 0.848189 0.382087 0.847305 0.381766 0.867893 0.102856 0.866129
0 0.571067 0.40188 0.603614 0.402385 0.603614 0.385915 0.917022 0.388448 0.91645 0.409228 0.872032 0.409228 0.872032 0.429249 0.571067 0.426716
0 0.57242 0.246475 0.603573 0.246073 0.603299 0.228922 0.91621 0.230781 0.916485 0.365403 0.6929 0.365403 0.692622 0.384782 0.571318 0.38365
0 0.574076 0.156664 0.603299 0.156664 0.603573 0.135498 0.917589 0.137362 0.916762 0.207025 0.757135 0.207025 0.757135 0.227861 0.572697 0.226733
0 0.569416 0.44828 0.601122 0.44828 0.601396 0.429303 0.913536 0.432441 0.911798 0.882726 0.565447 0.877694
0 0.103992 0.130719 0.449159 0.130719 0.449159 0.17232 0.260035 0.17232 0.260309 0.193486 0.104545 0.196405
0 0.1044 0.462068 0.135033 0.461222 0.135192 0.443485 0.447022 0.443948 0.446479 0.465489 0.362943 0.466208 0.362671 0.485932 0.104337 0.486291
0 0.102772 0.215868 0.136756 0.215868 0.136438 0.198127 0.447005 0.195655 0.447548 0.421183 0.172128 0.421898 0.172414 0.440527 0.103492 0.441985
0 0.103235 0.50593 0.135941 0.504664 0.136421 0.488189 0.447739 0.48967 0.447467 0.532014 0.180327 0.531654 0.180327 0.552433 0.103125 0.553172
1 0.712142 0.103824 0.777314 0.103824 0.777314 0.124845 0.712142 0.124845
