0 0.106411 0.741678 0.4534 0.740628 0.455788 0.851539 0.256031 0.856268 0.256826 0.87677 0.106014 0.878345
0 0.106281 0.543467 0.13852 0.542555 0.13852 0.525218 0.451929 0.524306 0.453771 0.660731 0.104001 0.659153
0 0.1049 0.409931 0.137137 0.410234 0.137137 0.390464 0.452158 0.389854 0.45331 0.503317 0.396202 0.501796 0.396661 0.521873 0.10651 0.522175
0 0.102048 0.135237 0.454209 0.135237 0.454209 0.313514 0.330189 0.315706 0.330189 0.338484 0.102048 0.338043
4 0.567618 0.732815 0.634015 0.732305 0.634209 0.741176 0.911694 0.742192 0.912846 0.839276 0.751459 0.840798 0.751842 0.859556 0.566852 0.862599 0.566852 0.765767 0.59794 0.763993 0.59794 0.741429 0.567813 0.741429
1 0.70349 0.0885653 0.770139 0.0885653 0.770139 0.109152 0.70349 0.109152
0 0.564766 0.436427 0.596313 0.436427 0.596313 0.418174 0.909011 0.417596 0.911958 0.707001 0.880409 0.706695 0.880409 0.727683 0.566078 0.730117
1 0.244883 0.101706 0.310873 0.101706 0.310873 0.121415 0.244883 0.121415
3 0.694041 0.143373 0.776368 0.143883 0.776942 0.162388 0.694236 0.162388
3 0.206104 0.36424 0.347958 0.36424 0.348187 0.383098 0.206336 0.381884
3 0.192057 0.711075 0.228442 0.710768 0.228903 0.690389 0.329533 0.693431 0.329304 0.713202 0.371674 0.714723 0.370983 0.735712 0.191598 0.735106
0 0.561897 0.302673 0.595886 0.301212 0.595608 0.282964 0.907424 0.283255 0.910215 0.389989 0.810737 0.392617 0.811923 0.414664 0.564439 0.41627
0 0.56237 0.191099 0.595991 0.18988 0.595529 0.168589 0.907882 0.168711 0.909263 0.27968 0.563568 0.280772
