3 0.716778 0.694349 0.733034 0.694042 0.733034 0.713189 0.71724 0.714408
6 0.180981 0.816198 0.349627 0.81862 0.349398 0.837375 0.357819 0.836772 0.357819 0.858549 0.180755 0.853712
0 0.551114 0.177865 0.580301 0.180018 0.578678 0.158467 0.89974 0.154153 0.902172 0.633708 0.691374 0.638018 0.691374 0.657415 0.551924 0.658496
3 0.26615 0.447926 0.288383 0.447926 0.287287 0.466532 0.264779 0.466166
3 0.715936 0.137532 0.730072 0.13732 0.729757 0.154422 0.715936 0.154422
1 0.244741 0.0999365 0.313607 0.0999365 0.313607 0.122633 0.244741 0.122633
1 0.690393 0.101448 0.762109 0.101448 0.762109 0.122633 0.690393 0.122633
0 0.555166 0.740396 0.584353 0.741472 0.584353 0.724232 0.89893 0.719922 0.902172 0.882645 0.553546 0.884798
0 0.0995198 0.486071 0.13276 0.490382 0.135192 0.465594 0.452201 0.476371 0.448956 0.793202 0.277075 0.796431 0.277075 0.814752 0.098707 0.814752
0 0.105195 0.128293 0.457064 0.137989 0.455444 0.38585 0.414906 0.383693 0.41085 0.408481 0.101953 0.410635
