5 0.0923878 0.0924575 0.121228 0.0932226 0.121228 0.0783498 0.454612 0.0859747 0.454612 0.10733 0.345309 0.106569 0.345597 0.120296 0.0918685 0.113623
5 0.0898222 0.127118 0.120466 0.127118 0.120466 0.113082 0.454121 0.121819 0.45392 0.141681 0.246438 0.135325 0.246438 0.151482 0.0900226 0.145921
5 0.0890234 0.243906 0.118863 0.245227 0.119664 0.229339 0.454321 0.236225 0.455123 0.273566 0.0882218 0.266415
5 0.0904234 0.160749 0.121067 0.161809 0.121067 0.146186 0.454922 0.151747 0.45392 0.173991 0.178544 0.16578 0.178343 0.183258 0.0898222 0.179552
5 0.121067 0.195708 0.121267 0.179817 0.379619 0.185378 0.38002 0.204181
5 0.0914056 0.210906 0.120646 0.210906 0.121047 0.197668 0.454101 0.202964 0.454502 0.221237 0.274056 0.218852 0.274056 0.234743 0.0900028 0.229444
2 0.638202 0.105158 0.838637 0.105919 0.838922 0.307943 0.639063 0.304472
2 0.63825 0.785573 0.828244 0.782826 0.828589 0.921944 0.639286 0.923317
1 0.235972 0.0463836 0.306574 0.0463836 0.306574 0.0706391 0.235972 0.0706391
1 0.70525 0.0495896 0.775501 0.0495896 0.775501 0.0765882 0.70525 0.0765882
3 0.226607 0.320237 0.31197 0.320237 0.31197 0.353796 0.226607 0.353796
3 0.16538 0.365045 0.373017 0.365045 0.373017 0.398224 0.16538 0.398224
3 0.105394 0.399366 0.434163 0.399366 0.434163 0.433307 0.105394 0.433307
0 0.088061 0.485446 0.11694 0.484781 0.117443 0.469334 0.449729 0.476395 0.449896 0.496258 0.339913 0.494933 0.340248 0.506644 0.088061 0.503771
0 0.0883009 0.517374 0.117674 0.518479 0.11801 0.504136 0.449246 0.509212 0.44906 0.759911 0.379365 0.759911 0.379365 0.77803 0.0866497 0.772313
0 0.0860796 0.79053 0.11652 0.791325 0.11632 0.774377 0.448975 0.780468 0.449774 0.803506 0.31479 0.800592 0.314589 0.814363 0.0850776 0.811717
0 0.0858792 0.887719 0.115919 0.887984 0.115919 0.872362 0.449376 0.876598 0.449376 0.902551 0.316393 0.899636 0.315992 0.911818 0.0856788 0.911818
0 0.588566 0.0855119 0.709131 0.0855119 0.709131 0.103811 0.588967 0.103811
0 0.585848 0.305778 0.87208 0.307685 0.87208 0.325798 0.586331 0.32389
0 0.556049 0.342641 0.584649 0.343914 0.584649 0.327705 0.918465 0.328022 0.917985 0.369972 0.555329 0.36584
0 0.556049 0.427492 0.585128 0.427492 0.585368 0.410332 0.918465 0.410966 0.918465 0.470076 0.805749 0.469438 0.805749 0.480243 0.554606 0.478657
0 0.554126 0.494545 0.586571 0.492638 0.586091 0.478019 0.917742 0.479608 0.917985 0.516471 0.731487 0.514568 0.731248 0.531408 0.553164 0.530139
0 0.583926 0.532997 0.791089 0.535222 0.791569 0.556831 0.583926 0.554607
0 0.552444 0.665199 0.583686 0.665833 0.583686 0.64899 0.91582 0.651853 0.91606 0.674414 0.754318 0.673462 0.754561 0.687443 0.552204 0.687126
0 0.579602 0.763079 0.691355 0.76689 0.691595 0.783733 0.579359 0.783416
