5 0.544559 0.756844 0.738669 0.75834 0.739167 0.778561 0.544559 0.77695
5 0.54494 0.712761 0.737936 0.712911 0.738347 0.732901 0.54494 0.732867
5 0.547177 0.487933 0.717297 0.489368 0.717473 0.509052 0.547177 0.508039
5 0.544195 0.667861 0.771504 0.667673 0.772149 0.689006 0.544195 0.687966
5 0.0899472 0.473525 0.313896 0.476706 0.314541 0.498539 0.0899472 0.492634
5 0.0887042 0.495649 0.30645 0.50015 0.306069 0.518721 0.0887042 0.514758
5 0.0879566 0.517773 0.317385 0.52064 0.317268 0.54182 0.0879566 0.536882
5 0.0889475 0.539901 0.264937 0.543393 0.26482 0.563921 0.0889475 0.559662
5 0.0877485 0.618878 0.264966 0.622051 0.264849 0.642272 0.0877485 0.637986
5 0.0879977 0.642138 0.26869 0.644958 0.268836 0.665217 0.0879977 0.661246
5 0.0879977 0.66524 0.272677 0.668095 0.273058 0.687663 0.0879977 0.684348
5 0.0879977 0.686712 0.27467 0.689543 0.274553 0.708805 0.0879977 0.70582
5 0.0875022 0.708513 0.37511 0.711683 0.375726 0.732249 0.0875022 0.727622
5 0.0875022 0.730637 0.276664 0.731865 0.277045 0.752393 0.0875022 0.749746
5 0.0847171 0.807143 0.356201 0.806418 0.356083 0.828173 0.0847171 0.826251
5 0.0838229 0.828615 0.320111 0.830207 0.32058 0.850044 0.0838229 0.847723
5 0.547177 0.509735 0.729229 0.510855 0.729639 0.532151 0.547177 0.529841
5 0.546432 0.531859 0.703137 0.533954 0.703313 0.55429 0.546432 0.551965
5 0.546432 0.554309 0.733967 0.555426 0.733879 0.576414 0.546432 0.574415
5 0.547177 0.577408 0.780709 0.577887 0.780856 0.599835 0.547177 0.597514
5 0.0907417 0.371799 0.240897 0.374405 0.240897 0.394576 0.0904925 0.392949
5 0.546432 0.599862 0.73049 0.600641 0.730636 0.621629 0.546432 0.619968
5 0.54494 0.623287 0.801085 0.623739 0.800997 0.645073 0.54494 0.643392
5 0.545189 0.645737 0.755585 0.646186 0.755995 0.665562 0.545189 0.665842
5 0.084421 0.849699 0.336822 0.85131 0.337291 0.872682 0.084421 0.868807
5 0.547435 0.166371 0.722164 0.166947 0.722545 0.187513 0.547435 0.186477
5 0.0907417 0.349349 0.424861 0.353255 0.424861 0.37668 0.0907417 0.368872
5 0.0907271 0.326734 0.268983 0.32975 0.269481 0.350546 0.0907271 0.345842
5 0.0912606 0.251364 0.364263 0.256118 0.364233 0.277145 0.0912606 0.270472
5 0.0909616 0.23028 0.293638 0.233327 0.293814 0.253087 0.0909616 0.249388
5 0.0903665 0.206852 0.317795 0.210689 0.317678 0.230449 0.0903665 0.22596
5 0.0910261 0.185027 0.278188 0.188856 0.278071 0.209384 0.0910261 0.204135
5 0.090428 0.163943 0.34978 0.166985 0.350249 0.187129 0.090428 0.183051
3 0.0934037 0.132974 0.447833 0.138377 0.448423 0.163075 0.0922252 0.159219
3 0.119352 0.29506 0.420114 0.300462 0.420704 0.325161 0.118174 0.32053
5 0.544855 0.823999 0.76611 0.823953 0.767194 0.846092 0.544855 0.844105
3 0.10107 0.420099 0.432501 0.426273 0.43309 0.451743 0.0998915 0.444027
3 0.119352 0.589901 0.408909 0.589901 0.409502 0.616917 0.118174 0.610743
3 0.0886866 0.775143 0.438396 0.77746 0.438986 0.80293 0.0869159 0.79907
3 0.574034 0.137606 0.871261 0.137606 0.870671 0.165393 0.572855 0.159219
5 0.544556 0.734586 0.763119 0.735319 0.763031 0.755539 0.544556 0.754692
5 0.544855 0.847032 0.837408 0.846975 0.837614 0.869152 0.545441 0.868308
5 0.546508 0.187855 0.730196 0.188741 0.730812 0.209959 0.546508 0.20796
5 0.546684 0.262764 0.726063 0.263831 0.726385 0.284474 0.546684 0.28287
5 0.546165 0.285306 0.711052 0.2862 0.711961 0.307419 0.546165 0.305412
5 0.546165 0.307952 0.78027 0.308455 0.781179 0.329673 0.546165 0.328058
5 0.546464 0.330207 0.776986 0.332282 0.776722 0.35116 0.546464 0.350312
5 0.546464 0.353635 0.820258 0.354115 0.820551 0.376906 0.546464 0.373741
5 0.546763 0.37589 0.716652 0.377213 0.716564 0.396859 0.546763 0.395995
5 0.546945 0.398432 0.787423 0.399314 0.787687 0.420993 0.546945 0.418538
1 0.688643 0.0941595 0.756582 0.0941595 0.756582 0.115278 0.688643 0.115278
1 0.236013 0.101941 0.302252 0.101941 0.302252 0.124168 0.236013 0.124168
5 0.0906919 0.450749 0.298974 0.451996 0.299355 0.474788 0.0906919 0.469857
3 0.572855 0.234858 0.87421 0.234086 0.87421 0.261099 0.572266 0.257243
5 0.54494 0.689989 0.742158 0.690771 0.742334 0.711107 0.54494 0.710094
5 0.546857 0.419823 0.779185 0.423449 0.779801 0.443478 0.546857 0.439929
5 0.54788 0.44286 0.735415 0.443977 0.735327 0.464965 0.54788 0.462966
5 0.547074 0.465982 0.795163 0.466231 0.795515 0.487757 0.547074 0.486088
5 0.54426 0.802523 0.740457 0.801698 0.741542 0.823454 0.54426 0.822629
5 0.54426 0.779486 0.773556 0.779828 0.774377 0.800048 0.54426 0.799592
