1 0.248703 0.0931355 0.312706 0.0931355 0.312706 0.111369 0.248703 0.111369
1 0.694009 0.0902184 0.760857 0.0902184 0.760857 0.109771 0.694009 0.109771
3 0.221685 0.125282 0.341812 0.12883 0.341618 0.149617 0.307847 0.149109 0.307847 0.168627 0.251236 0.167105 0.251621 0.148095 0.222069 0.146574
3 0.13963 0.610145 0.216773 0.609132 0.217155 0.586318 0.338049 0.588597 0.338816 0.610145 0.412698 0.613441 0.414041 0.635241 0.139823 0.631437
0 0.55892 0.591204 0.589595 0.590841 0.589595 0.574416 0.905988 0.567481 0.907925 0.813498 0.684651 0.81934 0.685204 0.838686 0.560857 0.842701
0 0.593462 0.862414 0.593187 0.843431 0.909305 0.834672 0.909858 0.858762
0 0.105172 0.370684 0.136029 0.370986 0.136489 0.353953 0.452886 0.356083 0.453114 0.444902 0.37275 0.444902 0.37275 0.46437 0.10356 0.46437
0 0.104252 0.483227 0.136721 0.483532 0.136949 0.465586 0.452425 0.467716 0.451965 0.534635 0.208104 0.531897 0.208104 0.554103 0.103331 0.552581
0 0.104217 0.657103 0.134344 0.656594 0.13492 0.637076 0.452698 0.641641 0.453274 0.866478 0.100744 0.862398
0 0.107013 0.191823 0.137181 0.191823 0.13741 0.175703 0.454266 0.176311 0.454266 0.33205 0.395777 0.33205 0.395548 0.353953 0.106093 0.349996
0 0.552567 0.129824 0.904055 0.120334 0.905161 0.279483 0.86675 0.279846 0.867027 0.297732 0.554223 0.306495
0 0.554776 0.324013 0.586831 0.322553 0.586831 0.306858 0.901016 0.298462 0.905436 0.545214 0.640715 0.553243 0.64099 0.569304 0.558093 0.571495
