0 0.548292 0.652291 0.580472 0.651214 0.580472 0.628569 0.892604 0.624257 0.894214 0.752568 0.554729 0.761192
1 0.250781 0.0958911 0.31665 0.0958911 0.31665 0.12096 0.250781 0.12096
1 0.678537 0.086082 0.751728 0.086082 0.751728 0.114421 0.678537 0.114421
0 0.543465 0.131503 0.890994 0.120721 0.892604 0.186494 0.847555 0.188652 0.848358 0.210215 0.542661 0.217762
0 0.545878 0.242561 0.574839 0.239326 0.574035 0.222074 0.887776 0.21237 0.8918 0.621023 0.550706 0.628569
0 0.549096 0.779525 0.580472 0.780602 0.581276 0.76335 0.895821 0.755803 0.895821 0.865784 0.549902 0.875485
0 0.114686 0.21237 0.142843 0.214527 0.142843 0.198353 0.459801 0.205903 0.456584 0.361167 0.166976 0.35362 0.165369 0.375184 0.111469 0.375184
0 0.114686 0.128268 0.463825 0.133661 0.460605 0.202668 0.114686 0.199433
0 0.101815 0.851767 0.140429 0.852844 0.139626 0.83128 0.460605 0.836669 0.461411 0.88519 0.101011 0.874408
0 0.110662 0.395671 0.142843 0.395671 0.141233 0.376265 0.462215 0.385966 0.454974 0.817263 0.432451 0.817263 0.431645 0.832357 0.105838 0.828045
