0 0.539965 0.687647 0.571611 0.686379 0.571611 0.669728 0.889084 0.665742 0.889412 0.77774 0.540492 0.78151
3 0.615852 0.635594 0.668674 0.636444 0.66817 0.61213 0.768232 0.610781 0.768738 0.631708 0.808348 0.632308 0.807848 0.658041 0.615346 0.662765
0 0.540486 0.800891 0.57208 0.799797 0.571803 0.782998 0.887187 0.780079 0.88856 0.869178 0.539936 0.870636
1 0.68043 0.0891532 0.746271 0.0891532 0.746271 0.112207 0.68043 0.112207
0 0.0945841 0.55222 0.128008 0.550701 0.127778 0.533964 0.440963 0.532441 0.441193 0.622515 0.222787 0.623427 0.222787 0.643206 0.0938947 0.644119
1 0.237469 0.0899342 0.304191 0.0899342 0.304191 0.113378 0.237469 0.113378
0 0.541236 0.392862 0.571457 0.391946 0.571457 0.375515 0.888077 0.373079 0.888764 0.549634 0.712711 0.552282 0.712711 0.574192 0.537344 0.576809
0 0.0965969 0.304149 0.0975829 0.127119 0.447691 0.127556 0.445713 0.283551 0.135163 0.284428 0.134846 0.304575
0 0.0952734 0.325618 0.128901 0.325181 0.12824 0.308089 0.442086 0.308967 0.443438 0.511672 0.250218 0.511672 0.250681 0.530601 0.0963962 0.532488
0 0.539087 0.128456 0.886062 0.121153 0.888807 0.348208 0.863863 0.347183 0.863863 0.369789 0.539471 0.373987
0 0.0935544 0.66522 0.126623 0.664373 0.126306 0.646411 0.439232 0.648124 0.441521 0.873176 0.0907563 0.871425
