1 0.696521 0.0899181 0.760727 0.0899181 0.760727 0.115388 0.696521 0.115388
1 0.236571 0.106896 0.30603 0.106896 0.30603 0.130825 0.236571 0.130825
0 0.0980296 0.139083 0.443287 0.139713 0.442807 0.164307 0.394644 0.165568 0.394644 0.183856 0.0956437 0.187007
5 0.558814 0.819808 0.590276 0.819808 0.590276 0.80273 0.904548 0.801416 0.904548 0.845205 0.809834 0.844767 0.810497 0.867101 0.559808 0.870168
5 0.0956815 0.206137 0.128341 0.205525 0.128108 0.187587 0.448233 0.185458 0.445083 0.430772 0.208622 0.434454 0.207841 0.453883 0.0941645 0.453883
5 0.0954519 0.475737 0.127466 0.474642 0.127466 0.456761 0.444554 0.454936 0.445103 0.612215 0.256893 0.613675 0.256617 0.633746 0.0946237 0.634838
5 0.0940715 0.653817 0.128294 0.653813 0.128294 0.636298 0.444002 0.633746 0.445103 0.859627 0.305187 0.859627 0.304911 0.881523 0.0929701 0.883349
5 0.555173 0.731792 0.590607 0.730478 0.590607 0.712524 0.901898 0.709019 0.905542 0.709019 0.905211 0.79835 0.556495 0.800978
5 0.556827 0.621003 0.58862 0.619689 0.58862 0.602174 0.905542 0.598669 0.905873 0.686689 0.737643 0.685813 0.737974 0.708581 0.557489 0.710772
5 0.556827 0.528603 0.589282 0.528607 0.589282 0.510215 0.903885 0.508025 0.904548 0.59604 0.558483 0.600421
5 0.555504 0.440149 0.58862 0.440587 0.588288 0.421757 0.906205 0.41738 0.905542 0.486128 0.674722 0.487442 0.674722 0.507586 0.555504 0.507586
5 0.55451 0.258422 0.5863 0.257546 0.5863 0.240468 0.905542 0.236526 0.905873 0.303525 0.78533 0.304839 0.78533 0.326732 0.553516 0.329798
5 0.553516 0.148068 0.584644 0.146319 0.583984 0.127051 0.904548 0.122232 0.904548 0.212443 0.837983 0.213315 0.837983 0.233897 0.553848 0.239592
5 0.554179 0.351695 0.588288 0.350819 0.587957 0.331989 0.903885 0.328046 0.904217 0.393731 0.814141 0.392855 0.814141 0.414314 0.553848 0.420881
