0 0.558691 0.368407 0.588495 0.367139 0.588688 0.351422 0.657531 0.350661 0.920597 0.34331 0.920308 0.659468 0.608784 0.665679 0.609053 0.680662 0.556171 0.681016
0 0.0855062 0.0748699 0.355953 0.0854649 0.447828 0.0862217 0.445532 0.883243 0.0814847 0.873431
0 0.0834417 0.888667 0.11067 0.887452 0.112517 0.874978 0.16213 0.875891 0.254434 0.87802 0.352506 0.882281 0.445271 0.882889 0.446657 0.916352 0.0790554 0.909354
0 0.559768 0.777852 0.587458 0.778612 0.58765 0.763656 0.723606 0.762895 0.777641 0.762388 0.791103 0.762134 0.836869 0.760867 0.923213 0.76112 0.923405 0.793569 0.826485 0.793569 0.827254 0.808779 0.585919 0.811822 0.573227 0.814606 0.55823 0.812836
0 0.5575 0.0815542 0.92164 0.0777703 0.921162 0.248711 0.695786 0.249971 0.696833 0.264093 0.556063 0.265741
0 0.55696 0.282472 0.587726 0.282726 0.588495 0.267769 0.917327 0.262192 0.920404 0.277149 0.919443 0.326582 0.801564 0.329624 0.801756 0.345084 0.557152 0.351422
0 0.557653 0.696115 0.588343 0.695507 0.588804 0.681512 0.920865 0.676036 0.92112 0.759506 0.55726 0.763007
0 0.558422 0.828042 0.588996 0.826775 0.588996 0.813339 0.92052 0.808526 0.921097 0.908653 0.556691 0.91347
1 0.23317 0.0498884 0.296813 0.0498884 0.296813 0.0725995 0.23317 0.0725995
1 0.706889 0.0454744 0.769092 0.0454744 0.769092 0.0656579 0.706889 0.0656579
