1 0.696012 0.106226 0.763016 0.106226 0.763016 0.126728 0.696012 0.126728
1 0.255499 0.0988664 0.322506 0.0988664 0.322506 0.121473 0.255499 0.121473
0 0.117281 0.307626 0.149482 0.30702 0.149709 0.289981 0.461324 0.293479 0.460665 0.561097 0.116624 0.561097
0 0.118486 0.132118 0.460368 0.1365 0.461022 0.270564 0.381675 0.269687 0.382 0.290719 0.118158 0.287213
0 0.116158 0.738644 0.149229 0.738135 0.149229 0.719629 0.4604 0.720768 0.461384 0.883747 0.116555 0.881994
0 0.551505 0.769448 0.586881 0.768537 0.586653 0.751498 0.896388 0.752502 0.897951 0.864465 0.553525 0.862886
0 0.586388 0.884685 0.585724 0.863766 0.89716 0.866808 0.89716 0.886952
3 0.614233 0.701018 0.834319 0.702331 0.835298 0.727741 0.812115 0.727741 0.813094 0.747019 0.635131 0.743953 0.634478 0.724675 0.615212 0.722486
0 0.555847 0.291649 0.588728 0.290889 0.588558 0.275421 0.900506 0.277097 0.900829 0.458049 0.687937 0.455868 0.687937 0.476888 0.55634 0.477776
0 0.553399 0.143334 0.901813 0.141581 0.901813 0.255494 0.830955 0.254618 0.831281 0.27302 0.555686 0.272143
0 0.117557 0.581422 0.150627 0.580661 0.151004 0.562912 0.461062 0.563244 0.461062 0.700385 0.183827 0.695999 0.183508 0.718358 0.117557 0.718358
0 0.553013 0.500417 0.585706 0.498386 0.585894 0.47937 0.901338 0.479042 0.901263 0.636593 0.746101 0.637125 0.746101 0.660249 0.553318 0.658145
