0 0.554216 0.348614 0.586944 0.346861 0.587272 0.328895 0.900161 0.321882 0.901799 0.388053 0.67564 0.395066 0.676294 0.418731 0.553888 0.421359
1 0.688538 0.0883374 0.757407 0.0883374 0.757407 0.110608 0.688538 0.110608
1 0.243519 0.0902908 0.308302 0.0902908 0.308302 0.114908 0.243519 0.114908
3 0.620515 0.4905 0.832083 0.485033 0.832374 0.510821 0.619934 0.510821
0 0.105804 0.12333 0.449732 0.131364 0.444823 0.332212 0.254993 0.330752 0.254176 0.349373 0.101439 0.348279
0 0.0984403 0.36727 0.131712 0.368731 0.131986 0.349739 0.44537 0.353758 0.444849 0.514836 0.158768 0.507242 0.158768 0.528094 0.0979741 0.526194
0 0.100538 0.548299 0.131223 0.548299 0.131905 0.529735 0.442719 0.533631 0.442331 0.644585 0.236912 0.643032 0.236138 0.664062 0.0975827 0.662983
3 0.660777 0.546777 0.685882 0.545201 0.685591 0.526838 0.774302 0.52606 0.77518 0.547548 0.790645 0.546765 0.791229 0.567082 0.66137 0.571382
0 0.560924 0.801336 0.591036 0.800458 0.591036 0.78293 0.906216 0.771098 0.907525 0.863562 0.559286 0.874955
0 0.559289 0.597128 0.588745 0.596249 0.588745 0.578283 0.903272 0.57127 0.904909 0.750064 0.733079 0.755324 0.734072 0.775028 0.558305 0.781177
0 0.0978561 0.682414 0.129223 0.682414 0.12945 0.664763 0.443013 0.669329 0.440265 0.873371 0.0962216 0.866008
0 0.554869 0.144845 0.583997 0.144845 0.584653 0.127753 0.896561 0.119866 0.900161 0.299974 0.706734 0.305233 0.706734 0.324953 0.553232 0.32802
