0 0.551651 0.82933 0.581741 0.826291 0.581511 0.808657 0.898968 0.800141 0.901037 0.867644 0.551421 0.87558
1 0.244159 0.0989434 0.307861 0.0989434 0.307861 0.119743 0.244159 0.119743
0 0.0976983 0.579212 0.129675 0.579943 0.129951 0.560966 0.442813 0.568264 0.443089 0.700351 0.372799 0.699986 0.372799 0.722605 0.0960448 0.718227
0 0.103711 0.125248 0.451427 0.13523 0.444403 0.565232 0.0959721 0.553411
6 0.176106 0.736038 0.330901 0.740577 0.330445 0.776591 0.285859 0.778106 0.285173 0.795659 0.337303 0.796263 0.336617 0.819267 0.313296 0.818359 0.313066 0.833792 0.327242 0.835004 0.327015 0.855888 0.311008 0.855584 0.310323 0.871022 0.172677 0.86981
1 0.684141 0.0921961 0.750392 0.0921961 0.750392 0.113557 0.684141 0.113557
6 0.606664 0.274084 0.605711 0.233981 0.750331 0.232216 0.75052 0.249368 0.87723 0.247603 0.877803 0.269545 0.607236 0.275092
0 0.549985 0.714215 0.58075 0.712903 0.580418 0.695827 0.895984 0.687507 0.897969 0.777264 0.680314 0.782957 0.680674 0.80348 0.548994 0.808354
0 0.543243 0.203418 0.575007 0.202995 0.574664 0.179776 0.892212 0.17321 0.892874 0.194228 0.871372 0.195102 0.872034 0.218309 0.543237 0.226626
0 0.544493 0.309475 0.576257 0.308001 0.576257 0.290121 0.889672 0.282824 0.896562 0.669153 0.582209 0.673677 0.582592 0.693885 0.549869 0.6945
6 0.62608 0.127321 0.77127 0.128075 0.771654 0.144724 0.765557 0.144724 0.766115 0.164912 0.62646 0.167424
