4 0.559849 0.776519 0.626628 0.778041 0.627088 0.782606 0.903647 0.78443 0.903878 0.843439 0.722883 0.842529 0.722883 0.859561 0.558469 0.858954 0.558469 0.802984 0.583337 0.800855 0.583337 0.785038 0.56031 0.784124
1 0.251462 0.0905166 0.317117 0.0905166 0.317117 0.10891 0.251462 0.10891
1 0.703757 0.0896372 0.768417 0.0896372 0.768417 0.107599 0.703757 0.107599
0 0.111988 0.415787 0.143844 0.414518 0.143074 0.394748 0.4593 0.390007 0.459566 0.616037 0.160729 0.622349 0.160729 0.639183 0.112967 0.641286
0 0.107687 0.124555 0.459178 0.121925 0.460504 0.368532 0.327534 0.370722 0.327534 0.390431 0.109346 0.392186
0 0.112967 0.660708 0.143606 0.660184 0.14321 0.642838 0.458753 0.636529 0.462336 0.86465 0.114162 0.868328
0 0.559528 0.121611 0.906596 0.124169 0.907427 0.190236 0.749919 0.189506 0.749919 0.212136 0.560359 0.209945
0 0.560359 0.230021 0.591308 0.231118 0.591858 0.212136 0.907757 0.214181 0.90679 0.421037 0.660886 0.417275 0.660886 0.436185 0.557262 0.436185
0 0.558865 0.546089 0.592854 0.545359 0.592854 0.52638 0.905933 0.527837 0.905658 0.664355 0.709465 0.662895 0.70919 0.683701 0.559143 0.681511
0 0.559696 0.700489 0.590368 0.701587 0.590368 0.685525 0.905548 0.68757 0.906078 0.7733 0.558203 0.772983
3 0.664512 0.496486 0.696975 0.495832 0.697135 0.477897 0.770854 0.480642 0.771974 0.499422 0.802999 0.501556 0.802677 0.520336 0.664194 0.51951
