1 0.705506 0.0523193 0.775531 0.0523193 0.775531 0.0758697 0.705506 0.0758697
2 0.127179 0.326304 0.402875 0.340909 0.399382 0.583709 0.125432 0.5723
2 0.557321 0.323199 0.92352 0.320918 0.923172 0.464226 0.556623 0.461945
2 0.555925 0.521276 0.922821 0.520819 0.923511 0.662739 0.554175 0.66093
2 0.0788401 0.68792 0.444574 0.70161 0.444856 0.839655 0.0756341 0.828266
2 0.554246 0.0855996 0.925338 0.0856033 0.925685 0.143108 0.554246 0.139456
1 0.230425 0.0430101 0.300869 0.0430101 0.300869 0.068202 0.230425 0.068202
0 0.554089 0.69663 0.58379 0.697389 0.584081 0.682176 0.920695 0.681417 0.921277 0.719067 0.553799 0.717545
0 0.553799 0.755578 0.585247 0.755578 0.584956 0.740366 0.920695 0.741888 0.920695 0.778399 0.553799 0.776497
0 0.552343 0.814151 0.584372 0.81567 0.584372 0.800457 0.923024 0.798938 0.923317 0.856748 0.634166 0.852564 0.633876 0.869299 0.551758 0.869679
0 0.0785608 0.634461 0.109097 0.635518 0.109097 0.619934 0.444568 0.632347 0.444568 0.653478 0.121431 0.640272 0.121228 0.655857 0.0789655 0.654271
0 0.0789655 0.668534 0.108894 0.669324 0.108692 0.655328 0.445175 0.667477 0.444771 0.686758 0.197868 0.67672 0.197261 0.690719 0.0791679 0.687287
0 0.55686 0.234931 0.588404 0.233877 0.587999 0.219085 0.926506 0.219878 0.925899 0.255533 0.622377 0.253683 0.622377 0.26874 0.55686 0.26874
0 0.55686 0.284585 0.585976 0.28406 0.586583 0.26874 0.926506 0.268211 0.926101 0.305716 0.697196 0.304923 0.696993 0.319187 0.556455 0.318658
0 0.553987 0.500004 0.586019 0.500004 0.586503 0.482889 0.92234 0.483206 0.92234 0.502859 0.793975 0.505077 0.793975 0.518704 0.553987 0.519021
0 0.55617 0.139773 0.895081 0.141619 0.895081 0.16275 0.556372 0.159318
0 0.0838985 0.0815089 0.115041 0.0825623 0.115041 0.0677739 0.449302 0.0857336 0.449504 0.134859 0.084098 0.120339
0 0.0841009 0.131424 0.113827 0.132481 0.113827 0.118221 0.449099 0.133538 0.448695 0.153876 0.25841 0.147273 0.258005 0.162325 0.0841009 0.152555
0 0.0827472 0.168374 0.112875 0.169431 0.11328 0.156779 0.450576 0.173421 0.449766 0.242881 0.186483 0.231763 0.186281 0.242591 0.0819379 0.238895
0 0.0825449 0.295707 0.112474 0.296999 0.112673 0.281946 0.290219 0.291479 0.448148 0.295152 0.448148 0.317891 0.347848 0.314988 0.347447 0.330833 0.0825449 0.316834
3 0.235258 0.599123 0.292685 0.599123 0.292685 0.62395 0.235258 0.62395
4 0.552895 0.880618 0.623993 0.880618 0.623266 0.889808 0.695335 0.891078 0.695577 0.918968 0.571094 0.915481 0.56988 0.889176 0.55338 0.890125
3 0.239139 0.261634 0.2867 0.261634 0.2867 0.287306 0.239139 0.287306
3 0.70014 0.181681 0.781485 0.181681 0.781485 0.207971 0.70014 0.207971
