0 0.1353 0.852058 0.452398 0.856436 0.452121 0.875416 0.134749 0.872496
6 0.198601 0.414268 0.312209 0.417122 0.312535 0.434057 0.340734 0.437093 0.340962 0.453785 0.365032 0.455606 0.365032 0.475025 0.351279 0.47533 0.351049 0.493233 0.197453 0.490804
1 0.247037 0.0977526 0.316629 0.0977526 0.316629 0.121071 0.247037 0.121071
0 0.544851 0.472946 0.574907 0.471851 0.57463 0.455791 0.896139 0.45068 0.899723 0.73975 0.54623 0.749242
0 0.109519 0.131743 0.457279 0.137436 0.456614 0.294673 0.264703 0.291168 0.264374 0.312631 0.106212 0.313942
0 0.107646 0.332583 0.140388 0.330809 0.14058 0.315096 0.45576 0.315855 0.458249 0.387331 0.383188 0.384292 0.382806 0.404822 0.10324 0.404822
0 0.105484 0.526422 0.138572 0.527336 0.139493 0.508171 0.453899 0.514531 0.453899 0.558145 0.206151 0.554982 0.205737 0.578127 0.104886 0.575481
0 0.543747 0.313449 0.574907 0.312716 0.57463 0.297022 0.893931 0.294469 0.895312 0.428781 0.872424 0.428781 0.872701 0.447761 0.544024 0.453237
0 0.539997 0.220961 0.573086 0.220594 0.573086 0.203805 0.894318 0.19979 0.894041 0.291036 0.541667 0.293586
1 0.682771 0.0987323 0.749551 0.0987323 0.749551 0.123027 0.682771 0.123027
0 0.543738 0.136341 0.891163 0.135026 0.892488 0.177513 0.841862 0.178388 0.843185 0.198973 0.542745 0.201599
0 0.105192 0.755868 0.136215 0.755868 0.136404 0.737871 0.450207 0.742635 0.451166 0.835987 0.33727 0.832843 0.337751 0.851117 0.100941 0.849875
0 0.105154 0.59588 0.135985 0.595626 0.136367 0.578139 0.455551 0.583966 0.45396 0.716932 0.203424 0.7164 0.20303 0.734967 0.10257 0.734296
4 0.545612 0.752242 0.619531 0.750557 0.619105 0.756743 0.893543 0.749431 0.893969 0.772487 0.838741 0.774176 0.84044 0.792169 0.76822 0.794417 0.769493 0.812976 0.738482 0.814099 0.740606 0.829283 0.790734 0.83041 0.793284 0.848965 0.881224 0.848402 0.880798 0.869773 0.641198 0.873144 0.637797 0.796106 0.545612 0.796106 0.54646 0.776988 0.577474 0.775299 0.577048 0.76124 0.544761 0.76124
