0 0.551406 0.423522 0.580972 0.423786 0.580771 0.409795 0.916247 0.398966 0.918058 0.45072 0.771437 0.456793 0.771638 0.471577 0.551808 0.477386
0 0.551769 0.489617 0.581434 0.488959 0.581936 0.476634 0.914229 0.46546 0.916409 0.534528 0.615675 0.545926 0.615442 0.5586 0.551718 0.559236
0 0.552724 0.571669 0.582891 0.571888 0.583058 0.558466 0.914113 0.544824 0.916559 0.647956 0.844957 0.652179 0.844955 0.668802 0.55212 0.676207
0 0.0793849 0.428989 0.111766 0.428724 0.11237 0.414729 0.444226 0.419749 0.444427 0.488925 0.194629 0.48523 0.194025 0.498697 0.0785799 0.498697
0 0.0797874 0.515066 0.109354 0.515066 0.109555 0.499225 0.445836 0.504241 0.446239 0.573946 0.247727 0.573946 0.247727 0.586356 0.0787812 0.583453
0 0.553135 0.694165 0.582098 0.694165 0.582098 0.678852 0.917574 0.669873 0.918781 0.739582 0.552531 0.749614
3 0.185578 0.592957 0.337228 0.592957 0.337228 0.610912 0.185578 0.610912
0 0.0777494 0.772622 0.108149 0.773559 0.10839 0.758984 0.441213 0.765637 0.440972 0.834709 0.282647 0.830906 0.282163 0.8477 0.0772676 0.843584
0 0.0774972 0.858156 0.106944 0.85784 0.107185 0.84358 0.442421 0.850234 0.44218 0.899982 0.300989 0.899982 0.300023 0.91519 0.0774972 0.913605
0 0.549603 0.103388 0.580014 0.10529 0.580014 0.0900815 0.914283 0.0777236 0.916216 0.195591 0.738098 0.205415 0.738435 0.221073 0.550482 0.225613
0 0.550836 0.237458 0.582401 0.237826 0.582679 0.224441 0.913418 0.210505 0.914759 0.294097 0.747253 0.303928 0.747741 0.318504 0.552245 0.32294
0 0.553194 0.332827 0.579745 0.33388 0.58055 0.321206 0.914014 0.310381 0.915564 0.396168 0.550944 0.408712
2 0.0944303 0.612932 0.428654 0.617878 0.426627 0.763501 0.0941412 0.758176
1 0.230669 0.0453422 0.296704 0.0453422 0.296704 0.0689156 0.230669 0.0689156
1 0.694062 0.0499043 0.765598 0.0499043 0.765598 0.0761384 0.694062 0.0761384
0 0.0816978 0.0933115 0.111142 0.0945804 0.112109 0.076838 0.447103 0.0828588 0.447103 0.122779 0.412832 0.123096 0.41284 0.136715 0.0818594 0.129756
0 0.0806831 0.143811 0.11303 0.143592 0.113197 0.12995 0.44606 0.13699 0.445893 0.219283 0.198005 0.216641 0.198005 0.232267 0.0795096 0.230726
0 0.0808503 0.243705 0.112696 0.244807 0.113365 0.230283 0.445624 0.234112 0.444819 0.28613 0.0799773 0.28085
0 0.552741 0.829291 0.582911 0.829291 0.582667 0.815352 0.91911 0.804259 0.919836 0.858759 0.817985 0.862562 0.817985 0.878403 0.552018 0.882522
0 0.552018 0.895196 0.583634 0.895829 0.583393 0.881253 0.916553 0.873398 0.917132 0.909139 0.551922 0.917121
0 0.0807937 0.297234 0.110558 0.297234 0.110961 0.281389 0.444629 0.28667 0.443824 0.406546 0.362367 0.405754 0.362367 0.419749 0.0801899 0.415258
