5 0.126693 0.251518 0.409178 0.271691 0.410924 0.2892 0.126335 0.271215
5 0.139825 0.453555 0.276389 0.462374 0.27687 0.48214 0.137902 0.471497
5 0.137896 0.472418 0.300421 0.486403 0.302107 0.50315 0.135971 0.490357
5 0.138498 0.493848 0.309931 0.507223 0.309449 0.524275 0.136572 0.511787
5 0.128059 0.230953 0.412278 0.251556 0.409871 0.269522 0.127716 0.249767
5 0.124153 0.273206 0.450096 0.293905 0.448393 0.339184 0.150066 0.321074 0.149723 0.341342 0.0927866 0.336166 0.0938098 0.294769 0.123813 0.294769
5 0.127707 0.205999 0.411586 0.230089 0.409871 0.24893 0.127707 0.228334
5 0.128387 0.183671 0.362432 0.203376 0.362444 0.220878 0.127686 0.202493
1 0.241664 0.113651 0.303485 0.113651 0.303485 0.136352 0.241664 0.136352
3 0.198044 0.360377 0.338823 0.372428 0.338534 0.391037 0.198616 0.380474
0 0.566669 0.811111 0.598246 0.810061 0.598246 0.79272 0.920641 0.787992 0.921472 0.884679 0.566253 0.883628
0 0.566669 0.453787 0.598661 0.453262 0.598246 0.43487 0.926455 0.431714 0.923963 0.76855 0.875354 0.766445 0.875772 0.784312 0.566669 0.789568
5 0.127355 0.135922 0.45037 0.15871 0.450021 0.181045 0.243331 0.168344 0.242639 0.192867 0.0937677 0.177977 0.095152 0.156959 0.127003 0.160023
0 0.567915 0.147432 0.922302 0.142701 0.923963 0.389678 0.737839 0.393355 0.738255 0.412797 0.564177 0.415953
0 0.093879 0.531556 0.123376 0.532607 0.125038 0.514215 0.446602 0.534183 0.447018 0.889935 0.0893079 0.867863
0 0.127779 0.384528 0.446437 0.402395 0.446852 0.446007 0.195498 0.433397 0.194667 0.453364 0.0908035 0.446007 0.0920494 0.408698 0.126118 0.407647
1 0.714788 0.113651 0.778604 0.113651 0.778604 0.13194 0.714788 0.13194
