0 0.553176 0.563626 0.584217 0.563626 0.584386 0.551098 0.920749 0.545605 0.92146 0.715037 0.686414 0.719586 0.686839 0.732597 0.553394 0.733496
0 0.553571 0.878697 0.582547 0.880526 0.582972 0.865511 0.749062 0.865329 0.919251 0.860933 0.917978 0.91239 0.553003 0.920083
0 0.553359 0.747831 0.584739 0.747831 0.584314 0.734645 0.920904 0.728788 0.921922 0.828975 0.55432 0.835955
2 0.0749053 0.0751722 0.444223 0.0870164 0.438594 0.930489 0.0703328 0.914996
1 0.224742 0.0487409 0.290516 0.0487409 0.290516 0.0733474 0.224742 0.0733474
1 0.705766 0.0455894 0.772301 0.0455894 0.772301 0.067613 0.705766 0.067613
2 0.553319 0.0823077 0.924395 0.0766141 0.924395 0.201166 0.553319 0.204203
3 0.701954 0.204965 0.776936 0.204965 0.776936 0.228523 0.701954 0.228523
3 0.698437 0.305594 0.779923 0.305594 0.779923 0.327239 0.698437 0.327239
3 0.695037 0.840805 0.779527 0.840805 0.779527 0.862954 0.695037 0.862954
0 0.554616 0.247157 0.585657 0.247157 0.585488 0.230894 0.923038 0.230013 0.923718 0.282095 0.725935 0.282095 0.726018 0.300585 0.554277 0.301216
0 0.555003 0.347367 0.58578 0.347367 0.585536 0.330279 0.924811 0.326797 0.924567 0.347047 0.859105 0.346732 0.859105 0.362556 0.554515 0.36825
0 0.55432 0.382967 0.583876 0.382015 0.583388 0.36651 0.922662 0.36208 0.922906 0.380116 0.902633 0.380116 0.902877 0.395941 0.554564 0.401003
0 0.555006 0.414192 0.585029 0.413973 0.585201 0.399687 0.921563 0.395863 0.921819 0.4272 0.555668 0.435751
0 0.553683 0.449167 0.585772 0.447885 0.585772 0.433781 0.92041 0.427813 0.92082 0.511135 0.894753 0.51141 0.894753 0.527766 0.55381 0.534359
0 0.584045 0.534619 0.921087 0.525607 0.921256 0.547144 0.584217 0.551098
