0 0.140094 0.202205 0.139421 0.182165 0.460794 0.183039 0.461126 0.20309
3 0.667299 0.554987 0.776229 0.55713 0.776637 0.574819 0.668116 0.578035
2 0.546129 0.710976 0.901426 0.704544 0.900935 0.863407 0.548586 0.870482
0 0.546899 0.439308 0.57898 0.438861 0.57898 0.422334 0.897719 0.417421 0.897719 0.48263 0.768721 0.485758 0.769062 0.506301 0.546217 0.510322
0 0.120994 0.831326 0.295988 0.831326 0.296373 0.849235 0.120994 0.847973
2 0.12167 0.849385 0.366044 0.850897 0.364694 0.875618 0.121476 0.871583
2 0.122728 0.784914 0.363636 0.785922 0.363636 0.807109 0.122728 0.802569
0 0.135453 0.735587 0.249791 0.738491 0.249236 0.758104 0.136008 0.757015
0 0.135409 0.609366 0.356505 0.611486 0.356273 0.635396 0.134715 0.633884
0 0.575844 0.26152 0.751032 0.259504 0.751608 0.276655 0.575844 0.279178
2 0.542451 0.281544 0.894794 0.275008 0.896793 0.41187 0.54445 0.417971
2 0.560259 0.173756 0.735291 0.169397 0.737208 0.190098 0.901223 0.185705 0.901223 0.257261 0.545882 0.258531 0.543469 0.213346 0.560729 0.212077
0 0.559703 0.151962 0.668492 0.1516 0.669048 0.170851 0.559424 0.170851
2 0.108921 0.204536 0.457402 0.202913 0.457202 0.6078 0.103927 0.602045
2 0.105317 0.637777 0.445341 0.641263 0.445006 0.73541 0.103654 0.729747
1 0.683186 0.0898689 0.751987 0.0898689 0.751987 0.113025 0.683186 0.113025
1 0.25172 0.0946932 0.318063 0.0946932 0.318063 0.114633 0.25172 0.114633
5 0.104924 0.803873 0.299747 0.809321 0.299747 0.827479 0.104647 0.827479
5 0.10326 0.75992 0.366073 0.762828 0.366352 0.784622 0.102981 0.781714
5 0.542219 0.127625 0.6696 0.127263 0.670156 0.150146 0.54194 0.149419
0 0.54719 0.607739 0.578642 0.605988 0.578642 0.588472 0.903178 0.586722 0.90117 0.679115 0.8105 0.679115 0.81117 0.701447 0.546523 0.705825
0 0.108116 0.128121 0.461126 0.127248 0.461458 0.156016 0.259309 0.156016 0.259309 0.175194 0.107784 0.173448
