1 0.703586 0.0451583 0.771001 0.0451583 0.771001 0.0695232 0.703586 0.0695232
3 0.685393 0.68309 0.782705 0.68309 0.782705 0.708533 0.685393 0.708533
3 0.699171 0.396769 0.770981 0.396769 0.770981 0.421454 0.699171 0.421454
1 0.226061 0.0447792 0.293964 0.0447792 0.293964 0.0688282 0.226061 0.0688282
2 0.549432 0.423424 0.760895 0.423424 0.919596 0.417953 0.917484 0.674959 0.546902 0.684257
0 0.549802 0.725584 0.582631 0.73014 0.582042 0.71381 0.91648 0.704698 0.916188 0.869503 0.75029 0.879756 0.55068 0.882414
0 0.55025 0.894355 0.581345 0.894355 0.581486 0.882633 0.916325 0.869923 0.915307 0.886186 0.869848 0.889702 0.869679 0.903987 0.549937 0.915412
0 0.0770884 0.0898409 0.107622 0.0898409 0.107131 0.0752837 0.445186 0.0857268 0.444943 0.108193 0.296188 0.103447 0.295944 0.116105 0.0770884 0.110092
0 0.0785829 0.123322 0.108548 0.124604 0.108548 0.110872 0.44395 0.118599 0.443709 0.138522 0.182349 0.130941 0.182349 0.14581 0.0782989 0.143283
0 0.0786517 0.156525 0.109607 0.156343 0.109607 0.143157 0.444644 0.15363 0.444857 0.18817 0.349796 0.186851 0.349994 0.200293 0.0782272 0.192069
0 0.108887 0.206905 0.108746 0.191887 0.418282 0.202802 0.418451 0.219503
0 0.0775043 0.220596 0.108035 0.223127 0.108035 0.207938 0.443158 0.219046 0.4435 0.270976 0.397433 0.269616 0.397433 0.284645 0.0777481 0.274551
0 0.109521 0.289525 0.109521 0.274874 0.401615 0.284318 0.401781 0.301458
0 0.108336 0.306074 0.108505 0.290911 0.443445 0.302863 0.44426 0.320267
0 0.106985 0.307352 0.444469 0.320534 0.444266 0.336887 0.278373 0.329502 0.277966 0.347434 0.0772691 0.340049 0.0772691 0.322645 0.107392 0.322909
0 0.0765749 0.357033 0.108127 0.357561 0.107923 0.340685 0.443167 0.351232 0.442556 0.373092 0.305568 0.367317 0.306368 0.378555 0.0774814 0.372163
0 0.0777912 0.388549 0.107897 0.388549 0.108041 0.373534 0.443356 0.383606 0.442849 0.401404 0.191466 0.394592 0.191127 0.409978 0.0769707 0.406681
0 0.0774154 0.42151 0.10642 0.422168 0.106589 0.407666 0.444885 0.415489 0.444481 0.436847 0.155238 0.427356 0.155238 0.442913 0.077074 0.441861
0 0.107688 0.456043 0.107998 0.441162 0.39288 0.446767 0.39288 0.464568
0 0.076922 0.471109 0.105927 0.471548 0.106099 0.456385 0.443683 0.466274 0.443683 0.501874 0.344759 0.499239 0.344963 0.513476 0.0760729 0.506884
0 0.0767728 0.51978 0.107022 0.520147 0.107587 0.508062 0.442806 0.516357 0.442395 0.547746 0.392315 0.547489 0.392315 0.559612 0.0760098 0.551443
0 0.0762077 0.568584 0.106598 0.567487 0.106738 0.552101 0.441873 0.560675 0.442042 0.795301 0.24494 0.791343 0.244771 0.804528 0.075654 0.799913
0 0.0757401 0.814819 0.10599 0.815005 0.10599 0.801087 0.441916 0.809783 0.441916 0.847765 0.145752 0.838262 0.14595 0.85172 0.0745095 0.851445
0 0.075109 0.865697 0.106681 0.866225 0.106885 0.850928 0.443715 0.857257 0.443962 0.894916 0.117387 0.887635 0.117387 0.903776 0.0756196 0.903144
0 0.553979 0.0971511 0.585244 0.097467 0.585 0.0829098 0.921343 0.0765807 0.92183 0.146516 0.801655 0.149999 0.801655 0.164552 0.553735 0.166135
0 0.554223 0.179741 0.583778 0.18164 0.584022 0.168035 0.919389 0.16392 0.92012 0.207908 0.553979 0.211071
0 0.553735 0.226579 0.5828 0.227527 0.58329 0.21297 0.92183 0.209488 0.921343 0.326893 0.60918 0.331323 0.60918 0.346828 0.552513 0.346512
0 0.553244 0.361066 0.581824 0.361701 0.582068 0.347144 0.919877 0.339232 0.919877 0.360434 0.848554 0.362333 0.848554 0.378474 0.552513 0.382904
