0 0.0997268 0.285519 0.13209 0.285519 0.131813 0.26873 0.449907 0.27311 0.449079 0.451233 0.254071 0.449772 0.254071 0.468751 0.0997268 0.466561
0 0.104153 0.151563 0.132921 0.152295 0.13209 0.131491 0.452674 0.137328 0.451569 0.247194 0.317693 0.246829 0.317693 0.267269 0.100834 0.266176
4 0.0985179 0.78238 0.16481 0.784336 0.16481 0.794487 0.445664 0.799173 0.44596 0.819092 0.318407 0.816357 0.318407 0.832759 0.445074 0.837837 0.44596 0.857755 0.399497 0.856973 0.398904 0.875326 0.0964458 0.868297 0.0973351 0.850726 0.126338 0.849161 0.126042 0.829638 0.0970387 0.830416 0.0985179 0.81011 0.125745 0.81011 0.127817 0.792926 0.0985179 0.791365
4 0.54238 0.746416 0.607489 0.746413 0.607193 0.758911 0.887454 0.758911 0.88923 0.854982 0.666382 0.857717 0.666382 0.87607 0.541197 0.875288 0.539718 0.780781 0.572566 0.777656 0.572566 0.757741 0.54238 0.756567
0 0.0997268 0.486272 0.129599 0.486272 0.130154 0.470212 0.447695 0.475324 0.446312 0.719875 0.262924 0.718414 0.262647 0.737029 0.0961319 0.73411
1 0.243894 0.100497 0.309355 0.100497 0.309355 0.120742 0.243894 0.120742
0 0.537114 0.4689 0.570767 0.467988 0.570767 0.450953 0.888861 0.448825 0.890291 0.736173 0.538495 0.74247
0 0.54034 0.133401 0.888169 0.132488 0.888861 0.426621 0.812796 0.426621 0.813025 0.446087 0.538957 0.449737
1 0.682726 0.100428 0.747672 0.100428 0.747672 0.118648 0.682726 0.118648
0 0.0969602 0.753457 0.128219 0.753457 0.128495 0.737397 0.446036 0.742141 0.446312 0.7874 0.0959663 0.77937
