0 0.54445 0.130748 0.896906 0.132939 0.89724 0.242929 0.801874 0.242491 0.802208 0.266596 0.54645 0.269224
6 0.577836 0.356017 0.825289 0.355571 0.82595 0.37908 0.720605 0.378208 0.721269 0.393447 0.828602 0.395188 0.829263 0.413471 0.723918 0.41565 0.723918 0.433065 0.605322 0.43524 0.605652 0.378208 0.577485 0.378227
6 0.606646 0.273289 0.844503 0.271111 0.844503 0.292011 0.741477 0.292011 0.741477 0.308987 0.779573 0.310294 0.780898 0.328581 0.796137 0.328581 0.795474 0.349477 0.605652 0.34817
1 0.250339 0.0918804 0.313561 0.0918804 0.313561 0.11607 0.250339 0.11607
3 0.649254 0.464974 0.791637 0.464535 0.791974 0.487322 0.649921 0.48557
1 0.688096 0.0950351 0.752918 0.0950351 0.752918 0.120277 0.688096 0.120277
0 0.101193 0.705858 0.131535 0.707611 0.132202 0.688766 0.453316 0.695779 0.451982 0.875882 0.0985234 0.865365
0 0.10386 0.5481 0.133871 0.548538 0.134205 0.532765 0.452316 0.538021 0.452316 0.671678 0.240909 0.669922 0.240576 0.689204 0.100526 0.6857
0 0.105798 0.125103 0.465348 0.130402 0.456705 0.518105 0.208939 0.512802 0.208939 0.530978 0.100611 0.529464
0 0.547784 0.512868 0.579795 0.51243 0.579462 0.494465 0.895906 0.492709 0.898909 0.850728 0.837886 0.850728 0.837886 0.873957 0.546784 0.878337
