0 0.101637 0.254584 0.131475 0.254584 0.130668 0.237328 0.443549 0.240563 0.446778 0.237328 0.44597 0.398035 0.369361 0.399114 0.368557 0.419605 0.099219 0.418525
0 0.102444 0.122999 0.451614 0.129472 0.448389 0.152121 0.159699 0.153201 0.159699 0.173691 0.100833 0.172615
4 0.552916 0.852801 0.621412 0.851288 0.621979 0.858101 0.794073 0.856589 0.794073 0.879304 0.582919 0.880816 0.582352 0.861131 0.552349 0.861131
4 0.0996008 0.828337 0.175082 0.828863 0.174296 0.833069 0.447122 0.834648 0.447909 0.856732 0.149528 0.852 0.149528 0.872506 0.0996008 0.871453 0.0992074 0.852 0.129873 0.850948 0.13066 0.8357 0.0999942 0.833595
3 0.130978 0.205274 0.417084 0.209653 0.417084 0.235579 0.129887 0.230101
3 0.139714 0.452839 0.413535 0.45576 0.413535 0.476576 0.139442 0.476212
0 0.555641 0.729155 0.581443 0.728076 0.580639 0.709741 0.899971 0.703268 0.904003 0.846719 0.552415 0.848874
0 0.552415 0.382934 0.583865 0.382934 0.582251 0.36352 0.896746 0.36244 0.904003 0.612668 0.640312 0.616982 0.641924 0.636396 0.554027 0.638555
0 0.552415 0.134866 0.899971 0.129472 0.901585 0.243797 0.62499 0.249191 0.624183 0.268605 0.551608 0.271844
0 0.102444 0.501577 0.131475 0.502657 0.130668 0.478928 0.445163 0.478928 0.448389 0.82407 0.0984119 0.82407
1 0.240359 0.0914283 0.308834 0.0914283 0.308834 0.117594 0.240359 0.117594
1 0.68871 0.0980791 0.761261 0.0980791 0.761261 0.118794 0.68871 0.118794
3 0.643295 0.679137 0.808233 0.677868 0.808612 0.700181 0.643295 0.700436
3 0.551594 0.311458 0.899673 0.308901 0.899673 0.333732 0.786647 0.334827 0.786922 0.355638 0.663251 0.35418 0.662705 0.336653 0.551319 0.333732
