0 0.10254 0.215417 0.133336 0.216293 0.133336 0.197901 0.44728 0.195715 0.449962 0.195934 0.451848 0.490421 0.0980355 0.489806
0 0.101831 0.598903 0.134749 0.5989 0.134272 0.57746 0.450915 0.579351 0.451392 0.671417 0.100889 0.668262
0 0.539233 0.139337 0.88735 0.126094 0.888779 0.35058 0.781485 0.353101 0.782438 0.371389 0.539233 0.384001
0 0.53828 0.403546 0.571659 0.401655 0.571659 0.385892 0.889256 0.372019 0.893072 0.661453 0.675141 0.672174 0.675618 0.691089 0.546385 0.696134
4 0.100642 0.671644 0.171171 0.671106 0.171171 0.677539 0.450453 0.677005 0.451264 0.853344 0.234406 0.851738 0.234002 0.869422 0.0982098 0.867816 0.100642 0.698978 0.132665 0.6963 0.133069 0.677539 0.100642 0.678611
0 0.101273 0.145566 0.132746 0.145566 0.133319 0.129676 0.45206 0.13119 0.45206 0.177346 0.374234 0.174322 0.374807 0.195507 0.0995554 0.19475
1 0.243865 0.0943297 0.31245 0.0943297 0.31245 0.114912 0.243865 0.114912
0 0.549247 0.719468 0.577858 0.717573 0.577382 0.699289 0.893072 0.686047 0.898794 0.867651 0.549724 0.880263
1 0.675801 0.0949714 0.744382 0.0949714 0.744382 0.120057 0.675801 0.120057
3 0.169154 0.540896 0.380741 0.541538 0.380741 0.561478 0.170128 0.562762
