0 0.537415 0.641255 0.565351 0.640724 0.564971 0.622318 0.88833 0.626011 0.887132 0.671224 0.537415 0.671224
0 0.535234 0.132072 0.884482 0.132715 0.884482 0.184447 0.694772 0.179399 0.694772 0.198324 0.535722 0.20085
0 0.537018 0.218312 0.568155 0.216737 0.567357 0.201489 0.887132 0.201489 0.888731 0.403367 0.679538 0.404946 0.67914 0.424922 0.537415 0.426501
0 0.135135 0.506441 0.426152 0.514624 0.42638 0.536133 0.134675 0.528255
0 0.102313 0.770902 0.133918 0.770463 0.133585 0.754691 0.449635 0.758634 0.451298 0.874292 0.100982 0.867284
0 0.105541 0.124999 0.456453 0.129731 0.456056 0.152861 0.309541 0.150231 0.309541 0.170735 0.103143 0.167582
6 0.213626 0.424749 0.326111 0.427213 0.326354 0.444764 0.352351 0.446308 0.352807 0.487204 0.297836 0.485087 0.296667 0.504185 0.211111 0.500835
6 0.213567 0.533179 0.325 0.535066 0.324213 0.556248 0.354813 0.557765 0.354582 0.59533 0.295459 0.595631 0.295459 0.612296 0.211488 0.611387
0 0.10564 0.635526 0.135912 0.635526 0.135912 0.618002 0.45662 0.623258 0.458284 0.735851 0.239377 0.732347 0.239711 0.7525 0.102646 0.752939
4 0.537497 0.673438 0.604728 0.672829 0.604497 0.678913 0.88543 0.678609 0.885892 0.734588 0.652322 0.733067 0.652322 0.744934 0.886123 0.74828 0.887047 0.856283 0.580702 0.855066 0.580471 0.872105 0.534956 0.872105 0.536342 0.784791 0.568456 0.78357 0.567763 0.747672 0.535187 0.750409 0.536342 0.695039 0.563374 0.694431 0.563374 0.680434 0.537728 0.679826
0 0.10474 0.185983 0.129094 0.185983 0.128696 0.170735 0.455655 0.176519 0.45805 0.404684 0.333494 0.401527 0.334292 0.420979 0.101947 0.419401
1 0.678409 0.0968055 0.743482 0.0968055 0.743482 0.121514 0.678409 0.121514
1 0.24805 0.093652 0.313123 0.093652 0.313123 0.115731 0.24805 0.115731
3 0.664836 0.597922 0.76105 0.598973 0.761447 0.620004 0.665635 0.617902
0 0.536842 0.444387 0.569094 0.44481 0.568436 0.427298 0.888477 0.427298 0.890474 0.560918 0.67057 0.56267 0.66957 0.581507 0.53683 0.584576
