0 0.0971988 0.357234 0.12294 0.359058 0.123215 0.342639 0.457026 0.349205 0.457857 0.370367 0.33939 0.367086 0.339665 0.380948 0.0958151 0.374015
0 0.0942075 0.390909 0.124103 0.390546 0.124933 0.376314 0.458741 0.385437 0.457633 0.420099 0.212674 0.410979 0.212674 0.430317 0.0942075 0.425208
0 0.0922143 0.443343 0.124324 0.443343 0.124046 0.426924 0.292058 0.432033 0.457026 0.434586 0.455917 0.498438 0.0922143 0.490047
0 0.540947 0.560212 0.572501 0.560578 0.572501 0.544521 0.904372 0.54525 0.905758 0.646321 0.540116 0.644131
0 0.544003 0.376433 0.575225 0.376871 0.574562 0.362421 0.907706 0.361547 0.907706 0.400514 0.601466 0.397887 0.601466 0.412773 0.542674 0.409709
0 0.541015 0.459623 0.570244 0.458749 0.572237 0.446049 0.906045 0.445611 0.907375 0.533182 0.774182 0.530117 0.775512 0.545441 0.541015 0.541939
5 0.545166 0.178318 0.577715 0.179476 0.591681 0.18077 0.603598 0.181782 0.623397 0.18077 0.63666 0.18077 0.6455 0.181024 0.665492 0.179248 0.826377 0.17646 0.82753 0.194957 0.543879 0.194225
5 0.544202 0.195996 0.905248 0.196871 0.905912 0.213069 0.668426 0.21351 0.668426 0.229272 0.574097 0.229272 0.573431 0.214385 0.543538 0.214385
0 0.541678 0.42547 0.57423 0.42547 0.57423 0.412336 0.90704 0.412336 0.908038 0.42985 0.607443 0.42985 0.606779 0.447364 0.544999 0.446049
0 0.0936008 0.508656 0.122384 0.507561 0.123493 0.492237 0.460899 0.499533 0.456748 0.516318 0.428792 0.517776 0.428792 0.532371 0.0936008 0.524709
5 0.54366 0.0769745 0.676796 0.0766083 0.677627 0.0955837 0.543938 0.0955837
5 0.543938 0.0963125 0.679288 0.0966788 0.679563 0.112003 0.545044 0.110179
0 0.0955373 0.307244 0.12543 0.308339 0.124877 0.295568 0.457301 0.305058 0.457579 0.333153 0.249986 0.328043 0.249433 0.342272 0.0960902 0.337163
0 0.540227 0.710464 0.572889 0.711197 0.572889 0.696964 0.582855 0.698059 0.602506 0.697331 0.903377 0.696964 0.904483 0.728711 0.773008 0.730535 0.77273 0.74513 0.541474 0.745859
4 0.541917 0.830278 0.610074 0.832906 0.610074 0.841839 0.808565 0.842362 0.808168 0.858127 0.905421 0.859177 0.905818 0.898582 0.769107 0.900159 0.769507 0.911719 0.53873 0.915397 0.540323 0.867583 0.565035 0.870734 0.565035 0.841839 0.540723 0.841839
0 0.122109 0.642198 0.425194 0.650955 0.425194 0.667008 0.122384 0.658251
0 0.099966 0.0897793 0.127369 0.0901456 0.127922 0.0733603 0.46173 0.0879554 0.460624 0.120431 0.209297 0.112403 0.209297 0.127364 0.0971988 0.124079
0 0.0994131 0.140135 0.127644 0.141593 0.127369 0.126631 0.35129 0.133202 0.460346 0.138307 0.461177 0.152174 0.398622 0.152174 0.398622 0.166769 0.0971988 0.158741
0 0.0933229 0.606075 0.121001 0.60717 0.120726 0.59367 0.455642 0.601332 0.455917 0.633441 0.150618 0.628698 0.151171 0.641469 0.0924922 0.641832
0 0.0931018 0.544521 0.122163 0.544888 0.122163 0.531022 0.458188 0.540874 0.456527 0.582469 0.393141 0.581007 0.392866 0.593416 0.0919932 0.585388
0 0.121832 0.659712 0.455917 0.669564 0.457026 0.685255 0.319736 0.681603 0.320014 0.699117 0.0883414 0.695103 0.0905557 0.672117 0.121557 0.674307
0 0.0905274 0.757139 0.454828 0.765021 0.455228 0.819141 0.302172 0.815463 0.302172 0.82807 0.243581 0.827546 0.242784 0.812308 0.0881372 0.808107
0 0.545566 0.229272 0.616311 0.230146 0.716289 0.228397 0.906609 0.22796 0.906277 0.246348 0.880037 0.246786 0.880369 0.263863 0.573133 0.261672 0.571472 0.248098 0.544236 0.248539
5 0.0909271 0.824392 0.192963 0.825969 0.192166 0.844358 0.0917238 0.841207
5 0.0894188 0.876968 0.209685 0.877495 0.209952 0.894564 0.0900851 0.892979
5 0.0896513 0.859371 0.192166 0.861173 0.196949 0.86275 0.196949 0.876411 0.0905274 0.874834
5 0.0901304 0.842784 0.276266 0.845412 0.276663 0.866428 0.0901304 0.859072
1 0.692606 0.0432993 0.757462 0.0432993 0.757462 0.0644874 0.692606 0.0644874
1 0.245498 0.0463267 0.309206 0.0463267 0.309206 0.0675111 0.245498 0.0675111
0 0.571233 0.826447 0.571233 0.812462 0.903382 0.813374 0.904766 0.830705 0.656578 0.830095 0.640893 0.829793
0 0.540556 0.759856 0.571695 0.760768 0.571695 0.746782 0.904996 0.746479 0.905688 0.79756 0.866705 0.796648 0.866938 0.81094 0.540094 0.812764
0 0.0971988 0.242297 0.123771 0.242297 0.125155 0.226973 0.462285 0.23792 0.460624 0.286448 0.169716 0.27842 0.169441 0.295568 0.0941537 0.29192
0 0.0977516 0.207635 0.125155 0.209093 0.125707 0.193769 0.460071 0.203255 0.460071 0.236825 0.0971988 0.223688
0 0.0974738 0.176255 0.124324 0.176255 0.125985 0.159836 0.458962 0.170417 0.458962 0.186107 0.433221 0.187202 0.433774 0.201431 0.0971988 0.191216
5 0.0892316 0.89437 0.24247 0.895603 0.242336 0.915838 0.0893649 0.910736
5 0.544491 0.146298 0.658528 0.146298 0.688421 0.146298 0.741012 0.145936 0.82571 0.14557 0.909578 0.146665 0.909853 0.164179 0.648563 0.16345 0.648287 0.178045 0.643306 0.180598 0.637216 0.178045 0.611196 0.180231 0.597358 0.180964 0.580473 0.177679 0.572447 0.177679 0.57383 0.164179 0.545044 0.161989
5 0.545044 0.130246 0.768137 0.129517 0.770627 0.145203 0.544766 0.143746
0 0.543904 0.296263 0.623952 0.295826 0.672779 0.295385 0.866419 0.296263 0.866751 0.315526 0.543572 0.314652
0 0.544236 0.261235 0.584426 0.263863 0.623952 0.263425 0.695696 0.263863 0.907607 0.262984 0.907939 0.279186 0.75349 0.277433 0.754485 0.292761 0.573133 0.293636 0.572801 0.279186 0.543572 0.279624
5 0.544213 0.111636 0.788619 0.112003 0.78945 0.129151 0.545597 0.128784
3 0.105625 0.710214 0.440272 0.719842 0.439697 0.74214 0.306683 0.737834 0.306493 0.758357 0.234794 0.755064 0.234602 0.735554 0.105242 0.734033
0 0.540783 0.660112 0.571228 0.660112 0.571506 0.645517 0.905038 0.64625 0.906144 0.679817 0.792659 0.679817 0.792937 0.694778 0.59171 0.695507 0.586175 0.697697 0.583961 0.69514 0.539952 0.694412
