1 0.69013 0.0975569 0.760245 0.0975569 0.760245 0.116487 0.69013 0.116487
1 0.236563 0.0956654 0.300393 0.0956654 0.300393 0.115224 0.236563 0.115224
3 0.578981 0.551761 0.878512 0.553949 0.878175 0.574979 0.578311 0.573226
3 0.580998 0.397093 0.864074 0.396218 0.864745 0.419001 0.580325 0.418562
3 0.579318 0.219646 0.846277 0.219206 0.846611 0.240676 0.578981 0.238923
3 0.580325 0.129828 0.854334 0.130263 0.854334 0.15305 0.580325 0.152172
3 0.119749 0.815959 0.368908 0.821217 0.368237 0.840933 0.118742 0.836114
3 0.118875 0.754051 0.359306 0.756679 0.359306 0.778587 0.117868 0.774642
3 0.119212 0.669049 0.348896 0.672994 0.349232 0.692271 0.118875 0.690079
3 0.118539 0.585365 0.347552 0.58887 0.347889 0.608147 0.118539 0.60552
3 0.120892 0.502115 0.369708 0.504311 0.36938 0.524024 0.119212 0.520957
3 0.120892 0.472321 0.380461 0.477144 0.379787 0.50168 0.120218 0.494669
3 0.121225 0.401346 0.414376 0.404847 0.415382 0.426756 0.120555 0.424564
3 0.121562 0.273844 0.332778 0.274719 0.333112 0.296627 0.121225 0.294439
3 0.122675 0.187224 0.347989 0.188977 0.348326 0.212634 0.121671 0.209568
5 0.089318 0.211987 0.265692 0.215154 0.265929 0.235225 0.0887452 0.232393
5 0.0900177 0.151494 0.308267 0.153208 0.307558 0.17378 0.0894449 0.1719
5 0.0898435 0.128823 0.294243 0.130094 0.294745 0.152245 0.0892707 0.149232
5 0.545964 0.599302 0.830351 0.602045 0.830824 0.622463 0.545391 0.619712
5 0.0873989 0.837605 0.2784 0.840756 0.2784 0.865993 0.0861884 0.861262
5 0.546041 0.265435 0.72982 0.268124 0.730292 0.289273 0.545468 0.285841
5 0.545043 0.154749 0.816652 0.156791 0.81736 0.17925 0.54447 0.175155
5 0.547039 0.177536 0.721583 0.17925 0.722557 0.199744 0.546466 0.197945
5 0.546788 0.243295 0.783702 0.244046 0.783702 0.267469 0.546215 0.263705
5 0.086457 0.630765 0.257721 0.634328 0.257455 0.653282 0.0858843 0.651174
5 0.544169 0.510398 0.826749 0.512748 0.827222 0.533936 0.543596 0.530808
5 0.54442 0.488586 0.798789 0.491907 0.799026 0.511785 0.543847 0.508996
5 0.545179 0.466616 0.722468 0.469293 0.722439 0.490135 0.544606 0.487026
5 0.546177 0.444804 0.768881 0.445871 0.768851 0.468638 0.545604 0.465214
5 0.546926 0.421039 0.817774 0.423412 0.818246 0.444869 0.546354 0.441449
5 0.545678 0.356909 0.865929 0.356997 0.865899 0.379456 0.545105 0.377315
5 0.546676 0.333795 0.730204 0.335501 0.730927 0.357633 0.546103 0.354204
5 0.546676 0.311659 0.739681 0.312387 0.739652 0.333536 0.546103 0.332065
5 0.54654 0.288545 0.79194 0.289928 0.792678 0.311385 0.545967 0.308955
5 0.0860791 0.778001 0.276085 0.781334 0.275081 0.804101 0.0855093 0.798411
5 0.0860201 0.715123 0.281399 0.719118 0.281134 0.739266 0.0854473 0.735533
5 0.086646 0.692337 0.271213 0.69716 0.270328 0.717308 0.0860732 0.712746
5 0.546735 0.575884 0.77393 0.578893 0.774402 0.598771 0.546162 0.596294
5 0.0879687 0.608714 0.25403 0.612716 0.253764 0.631246 0.0873959 0.629123
5 0.0853971 0.547076 0.285326 0.550308 0.285503 0.56984 0.0848243 0.567486
5 0.0876174 0.525091 0.312932 0.528851 0.313198 0.548305 0.0870446 0.545501
5 0.0884441 0.426409 0.30059 0.429961 0.301033 0.449184 0.0878713 0.446819
5 0.0866991 0.364945 0.32359 0.368708 0.323767 0.387238 0.0861264 0.385354
5 0.0859492 0.342805 0.367995 0.345594 0.368438 0.367052 0.0853764 0.363215
5 0.0856717 0.319371 0.254945 0.322172 0.255388 0.34232 0.0850989 0.339781
5 0.0868911 0.297459 0.247682 0.300252 0.247387 0.319745 0.0863183 0.317869
5 0.0884175 0.234639 0.286891 0.236881 0.286832 0.257491 0.0878447 0.255045
5 0.545232 0.62331 0.772453 0.623888 0.772483 0.644575 0.544659 0.64372
5 0.544511 0.645419 0.779008 0.64654 0.779451 0.666957 0.543939 0.665825
5 0.543575 0.668067 0.748952 0.668922 0.748568 0.688531 0.543003 0.688477
5 0.543596 0.69031 0.753558 0.69115 0.753587 0.711298 0.543023 0.710716
5 0.542766 0.712827 0.759167 0.712877 0.75961 0.733834 0.542194 0.733237
5 0.542557 0.734801 0.802628 0.735105 0.803071 0.755793 0.541984 0.755211
5 0.54235 0.757588 0.787422 0.75899 0.787275 0.778329 0.541777 0.777998
5 0.541529 0.80221 0.770593 0.80387 0.770859 0.824326 0.540957 0.822615
5 0.54142 0.779696 0.765486 0.781103 0.764511 0.800441 0.540847 0.800102
5 0.541801 0.848314 0.730528 0.848634 0.730381 0.870169 0.541228 0.868724
5 0.540977 0.825397 0.722232 0.826522 0.722498 0.846708 0.540404 0.845807
