1 0.706849 0.100895 0.772327 0.100895 0.772327 0.117983 0.706849 0.117983
2 0.114261 0.122539 0.295986 0.127795 0.289378 0.865106 0.103706 0.859849
3 0.809974 0.785088 0.844627 0.785088 0.844627 0.81085 0.809974 0.81085
3 0.814005 0.644711 0.84221 0.644711 0.84221 0.668897 0.814005 0.668897
2 0.298773 0.446179 0.477746 0.455379 0.467958 0.867334 0.293457 0.86205
2 0.558785 0.129744 0.738037 0.132263 0.733982 0.880252 0.552937 0.877989
1 0.26429 0.0960752 0.332116 0.0960752 0.332116 0.113599 0.26429 0.113599
2 0.73836 0.815659 0.91721 0.814748 0.917444 0.878946 0.739058 0.877728
2 0.739058 0.675095 0.866144 0.677224 0.865211 0.777932 0.739058 0.776714
2 0.740692 0.609071 0.833266 0.610897 0.832565 0.634933 0.739991 0.633716
2 0.741816 0.132704 0.924258 0.134526 0.923298 0.568281 0.739554 0.566367
2 0.301796 0.128538 0.482782 0.133358 0.476408 0.411997 0.29777 0.406752
3 0.3748 0.422319 0.403008 0.422319 0.403008 0.444402 0.3748 0.444402
3 0.813198 0.582673 0.845836 0.582673 0.845836 0.606858 0.813198 0.606858
