4 0.0925147 0.864067 0.161716 0.863542 0.161716 0.873003 0.456313 0.876681 0.456709 0.908746 0.339661 0.906115 0.340056 0.92136 0.0909336 0.92136 0.0921194 0.887193 0.122963 0.888773 0.122173 0.873529 0.0917241 0.874054
4 0.559207 0.666021 0.628803 0.666021 0.628803 0.676533 0.921026 0.669699 0.924586 0.916735 0.557623 0.917786
0 0.0947575 0.499663 0.125784 0.501492 0.126333 0.487988 0.453115 0.492005 0.453664 0.524853 0.158461 0.520839 0.158186 0.537265 0.093381 0.5369
1 0.703928 0.0474734 0.771626 0.0474734 0.771626 0.0609925 0.703928 0.0609925
1 0.242021 0.0598522 0.309338 0.0598522 0.309338 0.0748097 0.242021 0.0748097
0 0.559694 0.556131 0.589571 0.556765 0.589411 0.544516 0.859251 0.53987 0.920751 0.541137 0.919481 0.655408 0.560967 0.661959
0 0.558293 0.425494 0.591705 0.425494 0.591705 0.410589 0.918256 0.405722 0.9194 0.52009 0.821458 0.522826 0.822212 0.539039 0.560491 0.543328
0 0.56058 0.308692 0.590101 0.307172 0.590101 0.29318 0.921004 0.287098 0.920317 0.389904 0.833129 0.390515 0.833129 0.40633 0.56058 0.409068
0 0.561082 0.179568 0.77409 0.17374 0.919215 0.172726 0.919022 0.272592 0.775428 0.275129 0.776563 0.285995 0.560779 0.293187
0 0.559936 0.0987103 0.588733 0.0997239 0.588542 0.0850235 0.775428 0.0789384 0.917306 0.0802054 0.917496 0.095923 0.704486 0.0974434 0.704867 0.113157 0.559364 0.118229
0 0.0935156 0.817965 0.123314 0.816743 0.124141 0.804029 0.216933 0.803541 0.452052 0.806708 0.4515 0.839552 0.229891 0.83663 0.229616 0.855981 0.0947855 0.854528
0 0.0942136 0.751074 0.124567 0.750228 0.124886 0.737555 0.452204 0.739478 0.452649 0.790573 0.209173 0.789053 0.209448 0.802427 0.0942949 0.803038
0 0.0939277 0.701149 0.123586 0.701149 0.123311 0.68801 0.453664 0.68874 0.453389 0.725239 0.347115 0.723414 0.347115 0.737283 0.0930754 0.73662
0 0.0939165 0.583617 0.125784 0.584712 0.125784 0.571939 0.453939 0.573034 0.454763 0.67268 0.213109 0.671949 0.213109 0.685819 0.0942024 0.687279
0 0.0947575 0.550415 0.124959 0.550404 0.124959 0.537265 0.453664 0.539818 0.453939 0.560625 0.139512 0.554783 0.139512 0.571573 0.0941968 0.570836
0 0.0955705 0.435421 0.125509 0.436159 0.125234 0.421924 0.389955 0.424477 0.453115 0.423746 0.453939 0.474119 0.282035 0.473388 0.282035 0.489814 0.0944772 0.486162
0 0.0950266 0.172626 0.126058 0.173356 0.126333 0.157661 0.454763 0.159121 0.455585 0.410242 0.378971 0.409147 0.378971 0.423385 0.0939277 0.420098
3 0.710056 0.148215 0.763642 0.148215 0.764003 0.169253 0.710418 0.169
0 0.0966751 0.0853924 0.343546 0.0926923 0.453664 0.0905012 0.454763 0.143061 0.244962 0.143791 0.244962 0.160582 0.0958509 0.154013
