1 0.255422 0.0930902 0.319764 0.0930902 0.319764 0.116917 0.255422 0.116917
0 0.549971 0.488451 0.57945 0.488756 0.580129 0.470501 0.890432 0.474154 0.891088 0.656427 0.63181 0.652898 0.631491 0.670879 0.545278 0.672188
0 0.114204 0.128751 0.458872 0.129384 0.45981 0.353349 0.116086 0.35209
0 0.117836 0.374755 0.14777 0.372565 0.148314 0.356133 0.460699 0.35504 0.461571 0.489397 0.418794 0.488957 0.418794 0.513054 0.11577 0.511301
1 0.688665 0.101032 0.757327 0.101032 0.757327 0.118287 0.688665 0.118287
0 0.550742 0.131743 0.892788 0.13284 0.893332 0.201478 0.645709 0.201478 0.645698 0.2212 0.55156 0.220096
0 0.115519 0.532966 0.147039 0.530529 0.148173 0.512579 0.459968 0.5141 0.461557 0.630932 0.373119 0.627585 0.372668 0.649492 0.116155 0.64806
0 0.550199 0.241637 0.583396 0.241637 0.583669 0.223019 0.89415 0.224845 0.893332 0.454675 0.780869 0.451022 0.780486 0.469424 0.547721 0.467818
0 0.118489 0.669717 0.147335 0.67045 0.147062 0.650002 0.461813 0.650743 0.463971 0.878199 0.116858 0.875998
4 0.545957 0.853974 0.614374 0.855275 0.614374 0.859835 0.735928 0.862762 0.734714 0.880994 0.572489 0.879009 0.572645 0.859183 0.546443 0.859183
0 0.546268 0.692327 0.578596 0.692327 0.578921 0.673485 0.891744 0.676555 0.892397 0.859248 0.543658 0.852241
