0 0.559222 0.671426 0.587596 0.671426 0.586786 0.652029 0.905415 0.646638 0.908658 0.822296 0.727049 0.831996 0.727859 0.853547 0.558409 0.856781 0.555166 0.672503
3 0.670281 0.598327 0.790139 0.600153 0.791053 0.622042 0.73753 0.623565 0.737987 0.642716 0.724035 0.64302 0.723575 0.62265 0.670052 0.621738
0 0.558409 0.201572 0.585166 0.200492 0.585976 0.184328 0.902982 0.176784 0.903795 0.53672 0.69624 0.544264 0.697049 0.569048 0.555166 0.572282 0.550304 0.200492
0 0.552734 0.13907 0.89893 0.129369 0.89893 0.152 0.723804 0.162777 0.724617 0.176784 0.552734 0.183251
0 0.0946543 0.75225 0.124651 0.755483 0.124651 0.735005 0.44166 0.737162 0.44085 0.875102 0.0938444 0.876178
0 0.591281 0.857638 0.909549 0.851921 0.909939 0.87271 0.591281 0.878946
0 0.097897 0.533487 0.128707 0.534563 0.127897 0.516246 0.448146 0.521633 0.448146 0.673579 0.140058 0.676813 0.140058 0.69621 0.0946543 0.695134
1 0.68921 0.101947 0.76024 0.101947 0.76024 0.125551 0.68921 0.125551
1 0.2398 0.0991329 0.310148 0.0991329 0.310148 0.122737 0.2398 0.122737
0 0.103572 0.129369 0.448146 0.131526 0.448146 0.496849 0.153841 0.495768 0.153841 0.513013 0.0962771 0.513013
3 0.203512 0.711448 0.335988 0.712966 0.335988 0.732475 0.203324 0.730957
