5 0.123689 0.672205 0.338098 0.676036 0.338068 0.695187 0.123716 0.69082
5 0.557438 0.405264 0.787641 0.406044 0.787332 0.427525 0.557438 0.424401
5 0.12364 0.802749 0.439037 0.809408 0.438462 0.828598 0.123671 0.821364
5 0.123674 0.738105 0.309419 0.742472 0.309176 0.760818 0.123701 0.756719
5 0.124058 0.694232 0.449546 0.699985 0.449303 0.720711 0.124085 0.712846
5 0.125221 0.581761 0.489631 0.589246 0.4894 0.610401 0.220267 0.604866 0.219982 0.625699 0.154755 0.624394 0.155036 0.602264 0.125221 0.600963
5 0.125539 0.649039 0.440521 0.655579 0.440067 0.675537 0.125566 0.667653
5 0.126314 0.627162 0.454149 0.632358 0.454331 0.653928 0.126342 0.645776
5 0.124279 0.559447 0.349788 0.563504 0.349667 0.583116 0.124306 0.578061
5 0.124328 0.537251 0.394518 0.540898 0.3947 0.56051 0.124358 0.555866
5 0.124328 0.514284 0.376953 0.51833 0.377135 0.537942 0.124358 0.532899
5 0.12507 0.49179 0.450121 0.498564 0.450909 0.517409 0.125097 0.510404
5 0.12507 0.470231 0.408813 0.475036 0.409328 0.495071 0.125097 0.488846
5 0.1247 0.448205 0.417081 0.451855 0.417883 0.473421 0.124727 0.466819
5 0.127865 0.358321 0.42026 0.363848 0.421048 0.383537 0.127892 0.376936
5 0.128498 0.335047 0.38725 0.341549 0.387008 0.360278 0.128283 0.352675
5 0.558486 0.671983 0.810369 0.670628 0.8108 0.694224 0.558698 0.692324
5 0.558486 0.694765 0.803307 0.695851 0.803307 0.715107 0.558271 0.714021
5 0.557844 0.716462 0.800954 0.717003 0.800739 0.738431 0.557629 0.736531
5 0.557871 0.827136 0.801632 0.827919 0.801635 0.848633 0.557562 0.847447
5 0.556638 0.850571 0.8306 0.850571 0.830909 0.874003 0.556638 0.869316
5 0.556514 0.427525 0.920463 0.427917 0.920154 0.448224 0.636638 0.450177 0.636329 0.468922 0.590721 0.468922 0.590412 0.447832 0.556205 0.447053
5 0.557865 0.559266 0.825588 0.561435 0.8258 0.583131 0.557865 0.579608
3 0.589303 0.800193 0.844034 0.80063 0.843689 0.822968 0.588958 0.821655
5 0.128882 0.312107 0.384555 0.31925 0.384827 0.336367 0.128667 0.329735
5 0.12993 0.290986 0.440036 0.297488 0.440067 0.316218 0.129718 0.308614
5 0.130321 0.269013 0.458601 0.273615 0.458207 0.294264 0.130106 0.286642
5 0.130742 0.20311 0.319291 0.207178 0.318443 0.225639 0.13053 0.220738
5 0.132674 0.180473 0.379861 0.185608 0.379649 0.206257 0.132459 0.198101
5 0.132762 0.158489 0.355115 0.162285 0.355115 0.182358 0.132547 0.176117
5 0.556514 0.35996 0.917998 0.359568 0.918304 0.38105 0.639721 0.381829 0.639721 0.403311 0.591644 0.403311 0.591339 0.382221 0.557132 0.381829
5 0.554964 0.337523 0.75742 0.338325 0.758359 0.358206 0.554964 0.356268
5 0.556199 0.314276 0.903816 0.315066 0.903816 0.336521 0.556199 0.333024
5 0.556505 0.292015 0.722919 0.292794 0.722919 0.313884 0.556505 0.31076
5 0.556199 0.269754 0.738643 0.270929 0.739249 0.291616 0.556199 0.288499
5 0.556199 0.246323 0.738946 0.247478 0.739855 0.268587 0.556199 0.265068
5 0.556199 0.222888 0.756814 0.225639 0.75742 0.246327 0.556199 0.241633
5 0.556823 0.202177 0.723234 0.20296 0.723234 0.224047 0.556823 0.220922
5 0.558056 0.178355 0.918922 0.180696 0.918922 0.202177 0.557747 0.199053
5 0.123689 0.71579 0.368716 0.721785 0.368655 0.740668 0.123716 0.734405
5 0.558507 0.58259 0.789634 0.584759 0.789849 0.603746 0.557223 0.604287
5 0.557747 0.133833 0.920154 0.136174 0.920463 0.158435 0.657901 0.158044 0.658519 0.177184 0.588256 0.176401 0.587332 0.154919 0.557747 0.15414
5 0.123398 0.824618 0.484982 0.831454 0.48447 0.851304 0.368907 0.852283 0.368649 0.870832 0.159606 0.868556 0.159606 0.846422 0.123655 0.845774
5 0.557223 0.606728 0.773583 0.607 0.773798 0.628969 0.557008 0.62517
3 0.59103 0.774785 0.766959 0.774347 0.766611 0.796247 0.590684 0.795372
3 0.591723 0.64469 0.827444 0.646444 0.827789 0.667469 0.590339 0.665715
3 0.591723 0.534308 0.851984 0.532995 0.850948 0.555332 0.590684 0.552703
3 0.592898 0.504785 0.77712 0.504348 0.778156 0.52756 0.591514 0.527998
3 0.159924 0.77439 0.471684 0.783152 0.471339 0.805052 0.158886 0.797606
3 0.129785 0.418141 0.161581 0.417266 0.161929 0.396241 0.492008 0.407191 0.490969 0.428216 0.291541 0.423837 0.291193 0.444424 0.128746 0.44267
3 0.164694 0.239426 0.446729 0.246434 0.446729 0.26965 0.163655 0.260888
3 0.167078 0.127201 0.440818 0.134209 0.441511 0.158742 0.166387 0.14998
1 0.703377 0.100734 0.771463 0.100734 0.771463 0.119659 0.703377 0.119659
1 0.279328 0.0984654 0.346817 0.0984654 0.346817 0.118143 0.279328 0.118143
