0 0.536948 0.13053 0.879317 0.127152 0.880318 0.196015 0.666087 0.198716 0.666087 0.218971 0.53745 0.221672
0 0.128009 0.739489 0.157542 0.740162 0.157542 0.723962 0.470376 0.729359 0.469877 0.837382 0.127507 0.834005
1 0.674346 0.0913044 0.744423 0.0913044 0.744423 0.116957 0.674346 0.116957
0 0.126007 0.60514 0.158041 0.60379 0.15854 0.586912 0.469877 0.59096 0.472378 0.70573 0.298692 0.70303 0.298692 0.720584 0.126007 0.721261
1 0.266408 0.10008 0.336982 0.10008 0.336982 0.124386 0.266408 0.124386
0 0.127507 0.132553 0.47288 0.135931 0.471879 0.563957 0.19358 0.565307 0.19358 0.584212 0.127507 0.584885
4 0.127886 0.837297 0.19393 0.837297 0.194277 0.842455 0.468531 0.845736 0.468531 0.867771 0.301337 0.865426 0.301684 0.883712 0.126842 0.882307 0.126842 0.862613 0.152912 0.861209 0.152912 0.8448 0.127886 0.843863
0 0.569983 0.516022 0.570485 0.495093 0.881822 0.49172 0.882321 0.513998
0 0.538451 0.331714 0.570485 0.330364 0.571486 0.31281 0.884822 0.309436 0.887326 0.46674 0.729157 0.470791 0.729656 0.490369 0.539452 0.495093
0 0.53745 0.24125 0.569986 0.240573 0.569484 0.222345 0.880318 0.218971 0.88132 0.28513 0.678101 0.287157 0.678101 0.306735 0.537949 0.31281
