0 0.585287 0.552193 0.851899 0.549455 0.851899 0.568624 0.585519 0.573797
5 0.584414 0.845694 0.798255 0.843136 0.798806 0.863949 0.585519 0.867967
5 0.584965 0.823783 0.874861 0.818306 0.875412 0.841677 0.585519 0.844231
5 0.585519 0.801145 0.83518 0.796763 0.835188 0.815387 0.58662 0.820134
5 0.587446 0.75112 0.587171 0.7325 0.880649 0.728483 0.880925 0.749661
5 0.555757 0.617847 0.587722 0.616387 0.587446 0.598493 0.898284 0.593746 0.899388 0.613829 0.823055 0.617482 0.823606 0.636102 0.555481 0.639389
0 0.554435 0.501695 0.585574 0.500966 0.585849 0.482707 0.899994 0.482707 0.90082 0.525062 0.607893 0.531273 0.608168 0.548798 0.554159 0.549163
0 0.553597 0.321853 0.583681 0.32155 0.584139 0.302684 0.899536 0.301881 0.899432 0.458172 0.655788 0.461517 0.656246 0.479166 0.554287 0.480383
0 0.550406 0.121905 0.896945 0.122354 0.899591 0.278342 0.777571 0.278779 0.777571 0.299811 0.55271 0.300687
0 0.0972609 0.792001 0.13033 0.793522 0.131017 0.775263 0.44429 0.782963 0.445072 0.875494 0.0954928 0.864479
0 0.097629 0.523803 0.133223 0.523803 0.133681 0.505851 0.446403 0.511877 0.444817 0.78059 0.0944145 0.773223
1 0.692186 0.0869772 0.756713 0.0869772 0.756713 0.10645 0.692186 0.10645
1 0.243551 0.0896426 0.311971 0.0896426 0.311971 0.109154 0.243551 0.109154
0 0.103388 0.122538 0.449809 0.128845 0.446635 0.487969 0.285925 0.485864 0.285528 0.505843 0.0990232 0.501112
5 0.585403 0.576202 0.898629 0.570118 0.898559 0.590443 0.58607 0.595555
5 0.553554 0.77741 0.588548 0.775221 0.587997 0.756597 0.901316 0.751854 0.901316 0.773396 0.718617 0.777045 0.718617 0.794574 0.553829 0.797858
5 0.556032 0.708035 0.586345 0.707305 0.585794 0.687587 0.90049 0.683938 0.901041 0.704751 0.659646 0.710228 0.660197 0.729212 0.556583 0.730672
5 0.555481 0.66349 0.586345 0.662391 0.58607 0.642312 0.901041 0.639754 0.901041 0.660932 0.845928 0.66349 0.846203 0.681745 0.555206 0.684668
