3 0.549544 0.433612 0.896205 0.436641 0.895623 0.461627 0.548965 0.455569
3 0.546646 0.660003 0.900262 0.664545 0.899683 0.688018 0.758815 0.685745 0.758815 0.705433 0.682875 0.704673 0.680556 0.684232 0.545488 0.681203
3 0.104918 0.809919 0.419691 0.814461 0.419691 0.83869 0.103178 0.834148
3 0.124048 0.695589 0.405779 0.70316 0.404042 0.728146 0.122887 0.722088
3 0.100147 0.604725 0.428236 0.611543 0.429042 0.633101 0.0989418 0.626263
5 0.0890653 0.290741 0.317137 0.295624 0.316902 0.316472 0.0888154 0.310598
5 0.089565 0.268277 0.341064 0.272819 0.341329 0.294665 0.0893151 0.288134
3 0.104974 0.465896 0.430653 0.47273 0.431055 0.496392 0.102963 0.486402
1 0.235476 0.0943503 0.300388 0.0943503 0.300388 0.11319 0.235476 0.11319
5 0.0855761 0.42487 0.354762 0.429769 0.354762 0.450923 0.0853263 0.44473
5 0.0865726 0.402406 0.323369 0.406311 0.323604 0.427465 0.0863228 0.422267
5 0.0873222 0.379294 0.298442 0.383851 0.296708 0.403393 0.0870723 0.399151
5 0.0878189 0.356504 0.302175 0.361698 0.30244 0.381893 0.0875691 0.376361
5 0.0880688 0.335015 0.336567 0.34089 0.337566 0.361046 0.0878189 0.354876
5 0.0885655 0.312552 0.395914 0.319697 0.396414 0.340544 0.0883186 0.332412
3 0.10739 0.125702 0.43025 0.131484 0.429847 0.155671 0.104574 0.148311
5 0.0896531 0.492495 0.306761 0.497686 0.306496 0.519186 0.0894062 0.512356
1 0.69226 0.102202 0.757172 0.102202 0.757172 0.124181 0.69226 0.124181
5 0.539994 0.844964 0.805232 0.849517 0.80585 0.871209 0.539347 0.86512
5 0.540917 0.823306 0.897472 0.826635 0.897707 0.84683 0.54027 0.843463
5 0.54154 0.801326 0.770899 0.804406 0.771458 0.822872 0.540894 0.821483
5 0.542578 0.778809 0.79127 0.781639 0.791182 0.802793 0.541931 0.798965
5 0.54341 0.75575 0.722722 0.759102 0.72284 0.777838 0.542763 0.775907
5 0.544033 0.733774 0.784215 0.736066 0.784744 0.758027 0.543386 0.753931
5 0.0898119 0.222045 0.303939 0.227247 0.303939 0.248094 0.089565 0.241905
5 0.0905614 0.199907 0.267549 0.20448 0.267784 0.224636 0.0903116 0.219768
5 0.0910582 0.177444 0.296943 0.181368 0.297443 0.202522 0.0908113 0.197304
5 0.0898119 0.246136 0.279747 0.2494 0.279512 0.269594 0.089565 0.265997
5 0.0889065 0.515611 0.332687 0.520184 0.333686 0.541645 0.0886567 0.535468
5 0.0886567 0.537749 0.274603 0.541645 0.274868 0.56184 0.0884068 0.557605
5 0.0881599 0.560212 0.368313 0.565756 0.368313 0.586565 0.0879101 0.580069
5 0.0869106 0.632809 0.292063 0.637512 0.291564 0.659511 0.0866608 0.65267
5 0.0866108 0.656248 0.379394 0.660164 0.379483 0.681395 0.086361 0.676108
5 0.0837566 0.725604 0.255732 0.728849 0.255232 0.750041 0.0835068 0.745465
5 0.0839153 0.748579 0.302881 0.750617 0.302381 0.772847 0.0836655 0.768439
5 0.119089 0.770144 0.40194 0.775918 0.402146 0.794884 0.118842 0.790004
5 0.548089 0.134221 0.704762 0.134874 0.704468 0.156566 0.547443 0.154377
5 0.547137 0.157956 0.738713 0.159138 0.738624 0.180561 0.54649 0.178112
5 0.546514 0.180204 0.752822 0.182481 0.752734 0.203098 0.545867 0.20036
5 0.545685 0.202722 0.717519 0.203635 0.717637 0.225327 0.545038 0.222878
5 0.547099 0.350284 0.743239 0.3521 0.743269 0.373024 0.546452 0.37044
5 0.545902 0.372164 0.753116 0.374752 0.753733 0.394524 0.545256 0.39232
5 0.545003 0.393649 0.806379 0.39702 0.806966 0.416792 0.544356 0.413805
5 0.546499 0.464361 0.737566 0.466204 0.737272 0.486321 0.545852 0.484517
5 0.545603 0.486241 0.771664 0.487281 0.772575 0.509357 0.544956 0.506397
5 0.546208 0.508128 0.761787 0.511507 0.762111 0.530473 0.545561 0.528285
5 0.544621 0.531318 0.768989 0.532585 0.769283 0.554277 0.543974 0.551704
5 0.543827 0.552745 0.808172 0.555659 0.808142 0.577351 0.54318 0.572901
5 0.543081 0.57456 0.768048 0.578464 0.768254 0.597545 0.542434 0.594716
5 0.0920517 0.154969 0.256814 0.158877 0.256314 0.179713 0.0918048 0.174829
5 0.542581 0.597349 0.789976 0.599311 0.790447 0.62131 0.541934 0.617506
5 0.541584 0.620788 0.752352 0.622424 0.753057 0.64281 0.540938 0.640944
5 0.544944 0.71105 0.757084 0.713607 0.756996 0.733916 0.544297 0.731206
5 0.54756 0.275046 0.723078 0.278183 0.723075 0.301844 0.547557 0.297636
5 0.0890329 0.835534 0.288304 0.841842 0.286693 0.86603 0.0854115 0.861826
3 0.550705 0.244324 0.900262 0.247353 0.900841 0.272339 0.550123 0.271583
3 0.558239 0.321555 0.892725 0.32458 0.892146 0.346541 0.558239 0.341995
