0 0.550625 0.489074 0.583463 0.4917 0.584459 0.479431 0.911854 0.479431 0.910527 0.844867 0.613317 0.8418 0.54963 0.840922
4 0.549916 0.843192 0.615196 0.843192 0.614798 0.853709 0.912936 0.855809 0.912936 0.87106 0.873531 0.87106 0.874327 0.914174 0.553497 0.912596 0.556284 0.871586 0.548323 0.87106
0 0.0831772 0.724422 0.11389 0.724422 0.114467 0.710223 0.156697 0.713013 0.165143 0.710479 0.442314 0.712557 0.442776 0.862266 0.279916 0.861351 0.279456 0.876261 0.118901 0.875653 0.112681 0.876868 0.0827342 0.876261
0 0.0822574 0.890244 0.112897 0.889633 0.112897 0.878072 0.126486 0.876853 0.308926 0.878983 0.444372 0.881724 0.445984 0.917019 0.0817975 0.910325
1 0.701192 0.0488077 0.769377 0.0488077 0.769377 0.0667587 0.701192 0.0667587
0 0.556862 0.0817055 0.914773 0.0825834 0.914773 0.351619 0.691534 0.349429 0.692199 0.363013 0.553875 0.362572
0 0.552285 0.376026 0.585123 0.3769 0.585785 0.364195 0.917493 0.363757 0.913845 0.465411 0.731405 0.462343 0.731405 0.477679 0.551952 0.47549
0 0.0855861 0.639831 0.113472 0.640272 0.11447 0.627358 0.169571 0.62721 0.443559 0.627121 0.443836 0.698321 0.361741 0.697236 0.361741 0.710383 0.161304 0.708445 0.157462 0.711235 0.148253 0.707419 0.0833651 0.707934
0 0.0878211 0.572257 0.112586 0.572765 0.113735 0.557551 0.447939 0.561859 0.446786 0.612067 0.160864 0.610748 0.160864 0.626977 0.0832333 0.626977 0.0845766 0.572639
0 0.0892204 0.0782901 0.251758 0.0826723 0.445805 0.0804794 0.445143 0.532669 0.427229 0.532232 0.427894 0.544938 0.083581 0.544501 0.0862339 0.0774122
1 0.230583 0.0506339 0.299919 0.0506339 0.299919 0.0673699 0.230583 0.0673699
