0 0.558056 0.160028 0.589894 0.160553 0.589894 0.140581 0.919873 0.143736 0.919873 0.322968 0.633312 0.323494 0.634139 0.345569 0.556815 0.346095
0 0.133671 0.190777 0.167165 0.190777 0.166751 0.173433 0.495079 0.179213 0.492597 0.356868 0.235809 0.353717 0.235396 0.372112 0.13119 0.370009
0 0.136981 0.126654 0.494665 0.134011 0.494251 0.153983 0.332156 0.152409 0.331742 0.171856 0.134085 0.17133
2 0.130335 0.475385 0.489034 0.475385 0.489034 0.817796 0.130335 0.817796
4 0.130072 0.816468 0.203019 0.817543 0.203617 0.827498 0.433056 0.82969 0.433342 0.849033 0.489052 0.851953 0.489052 0.872394 0.156522 0.862538 0.156235 0.826769 0.130966 0.826405
0 0.554203 0.761257 0.586594 0.760819 0.58625 0.743299 0.914296 0.746366 0.916021 0.880396 0.552479 0.876017
0 0.130362 0.392084 0.163031 0.39261 0.163445 0.374741 0.493838 0.382098 0.492597 0.449902 0.476057 0.449902 0.475643 0.472503 0.128711 0.463043
1 0.704269 0.108151 0.770432 0.108151 0.770432 0.129175 0.704269 0.129175
1 0.281253 0.0965877 0.347826 0.0965877 0.347826 0.11656 0.281253 0.11656
2 0.55513 0.349864 0.9124 0.349864 0.9124 0.734963 0.55513 0.734963
