5 0.0943946 0.672112 0.291586 0.673543 0.292055 0.691884 0.0941073 0.69081
5 0.09365 0.199707 0.296306 0.201863 0.296599 0.219974 0.0936675 0.216406
1 0.241369 0.100713 0.30506 0.100713 0.30506 0.120009 0.241369 0.120009
1 0.684257 0.0983955 0.753843 0.0983955 0.753843 0.120009 0.684257 0.120009
5 0.094723 0.310258 0.310613 0.313788 0.311258 0.333932 0.0946643 0.329673
5 0.0941806 0.513468 0.286485 0.514194 0.286544 0.534414 0.0944151 0.531003
5 0.0941806 0.489606 0.276752 0.49167 0.277016 0.511623 0.0944151 0.507141
5 0.540193 0.391679 0.736834 0.394384 0.737007 0.415169 0.540023 0.41246
5 0.53985 0.415848 0.760141 0.416301 0.760657 0.436878 0.540023 0.43415
5 0.539335 0.436633 0.838692 0.438893 0.838863 0.460361 0.53968 0.456067
5 0.539461 0.511815 0.893023 0.513963 0.892718 0.53583 0.539343 0.532074
5 0.539077 0.535692 0.776629 0.536145 0.776799 0.557383 0.539074 0.552636
5 0.537851 0.557525 0.770009 0.558511 0.770185 0.57923 0.537643 0.576084
5 0.537751 0.579484 0.754588 0.581533 0.755174 0.601446 0.537543 0.598039
5 0.537074 0.601608 0.830695 0.604938 0.831164 0.62489 0.536866 0.620167
5 0.537074 0.623862 0.758018 0.625619 0.758341 0.646147 0.536866 0.642422
5 0.536588 0.646462 0.749487 0.648526 0.750279 0.66844 0.536382 0.666445
5 0.538581 0.725381 0.718388 0.727023 0.718804 0.748717 0.538171 0.745448
5 0.537526 0.748441 0.719203 0.749515 0.719408 0.771233 0.53732 0.767703
5 0.538918 0.826263 0.738215 0.828158 0.738423 0.851207 0.538297 0.847412
5 0.537916 0.84897 0.693902 0.851426 0.694342 0.871493 0.537294 0.870119
3 0.542946 0.129091 0.892363 0.133592 0.892853 0.156104 0.542451 0.154822
3 0.543439 0.207561 0.892853 0.210132 0.892853 0.233288 0.542946 0.228143
3 0.538024 0.483498 0.891378 0.48542 0.891378 0.507932 0.538522 0.504716
3 0.566535 0.697678 0.863858 0.700249 0.864351 0.721475 0.566535 0.719545
3 0.563588 0.796729 0.862383 0.79737 0.863369 0.821812 0.563588 0.819886
3 0.0961771 0.576111 0.444116 0.576111 0.444116 0.600552 0.0961771 0.600552
3 0.110967 0.729836 0.429422 0.733051 0.429915 0.752347 0.310493 0.754922 0.310493 0.774859 0.227441 0.772288 0.228423 0.754277 0.11146 0.751706
3 0.096224 0.817311 0.446133 0.817956 0.446133 0.840467 0.0947493 0.839823
5 0.541061 0.280502 0.733034 0.282536 0.733034 0.302872 0.541061 0.299031
5 0.540542 0.302419 0.738561 0.304906 0.738561 0.324789 0.540369 0.32208
5 0.53968 0.325921 0.715081 0.326596 0.715245 0.3474 0.53968 0.344446
5 0.538989 0.347837 0.776541 0.349192 0.776541 0.370656 0.539507 0.367494
5 0.539666 0.370422 0.856127 0.372241 0.856127 0.394833 0.53985 0.388958
5 0.0943946 0.694367 0.366696 0.694647 0.367517 0.71552 0.0945471 0.714177
5 0.543304 0.235088 0.718534 0.237121 0.718534 0.257457 0.542442 0.255197
5 0.542442 0.258133 0.730792 0.259944 0.731137 0.281181 0.542096 0.277341
5 0.0943125 0.401348 0.293257 0.402039 0.293717 0.424178 0.0947523 0.419957
5 0.0929933 0.177384 0.398036 0.180453 0.398153 0.200367 0.0928291 0.198376
5 0.096737 0.131716 0.447921 0.137337 0.447921 0.159361 0.188024 0.155613 0.187666 0.177633 0.111055 0.174352 0.111055 0.153736 0.096737 0.151818
5 0.0971181 0.776842 0.307209 0.778987 0.307209 0.803107 0.0967077 0.800428
5 0.0950689 0.844914 0.351439 0.846522 0.35185 0.874394 0.094251 0.870108
5 0.543923 0.161498 0.727189 0.160608 0.727529 0.183833 0.543923 0.183388
5 0.0941806 0.468188 0.289387 0.469723 0.289446 0.489675 0.0944151 0.485723
5 0.0950161 0.445128 0.314658 0.447468 0.315333 0.468533 0.0948402 0.464044
5 0.0923629 0.220949 0.288801 0.223542 0.28927 0.241883 0.0923805 0.237647
5 0.095192 0.288809 0.312342 0.290306 0.312636 0.310872 0.0952213 0.306191
5 0.0933744 0.26667 0.423571 0.270238 0.423776 0.288579 0.0933978 0.284032
5 0.0933128 0.242758 0.306157 0.245567 0.306098 0.266401 0.0931692 0.263063
5 0.0950103 0.424535 0.259953 0.425252 0.260012 0.445473 0.0952448 0.44207
5 0.0934916 0.334235 0.262181 0.335467 0.262855 0.355151 0.0935092 0.350934
5 0.0945177 0.356455 0.294694 0.358259 0.294752 0.378211 0.0947523 0.37399
5 0.0943125 0.378833 0.284345 0.380897 0.283993 0.400312 0.0945471 0.396368
5 0.0950161 0.534338 0.292492 0.536149 0.292551 0.556101 0.094635 0.553523
5 0.0946614 0.605936 0.387921 0.605782 0.388566 0.627691 0.0948959 0.623471
5 0.0958663 0.628267 0.38197 0.629687 0.382615 0.649639 0.0958077 0.646186
5 0.0949897 0.650249 0.354852 0.651212 0.355673 0.669821 0.0949282 0.669054
