0 0.107813 0.830184 0.133688 0.83018 0.134498 0.810776 0.457929 0.814012 0.456312 0.889476 0.105389 0.881932
0 0.108623 0.129415 0.457929 0.130491 0.457122 0.163915 0.301874 0.160679 0.300257 0.180083 0.104579 0.179007
0 0.10943 0.444219 0.134498 0.444219 0.134498 0.428047 0.448227 0.433439 0.448227 0.477643 0.242039 0.471172 0.241229 0.495968 0.104579 0.492736
0 0.559809 0.698652 0.588918 0.696496 0.587301 0.677092 0.904715 0.668479 0.907498 0.87654 0.556575 0.886244 0.554151 0.701888
0 0.550333 0.132832 0.902546 0.126507 0.90184 0.654452 0.603474 0.656608 0.603474 0.674936 0.554527 0.67708
1 0.248626 0.0980542 0.312381 0.0980542 0.312381 0.119853 0.248626 0.119853
1 0.689196 0.095875 0.76031 0.095875 0.76031 0.119853 0.689196 0.119853
0 0.106196 0.197335 0.140966 0.196255 0.140156 0.179007 0.453885 0.181163 0.453885 0.405407 0.422352 0.405407 0.422352 0.426971 0.104579 0.423735
0 0.107813 0.514296 0.134498 0.51322 0.132881 0.498127 0.454695 0.500283 0.449844 0.702964 0.105389 0.698652
0 0.105389 0.720216 0.136115 0.720216 0.136922 0.699732 0.453885 0.7062 0.453885 0.792448 0.31562 0.791372 0.31562 0.80862 0.104579 0.806464
